MEME version 4

ALPHABET= ACGT

strands: + -

Background letter frequencies
A 0.25 C 0.25 G 0.25 T 0.25

MOTIF MA0265.1 ABF1
letter-probability matrix: alength= 4 w= 16 nsites= 100 E= 0
 0.110000  0.410000  0.040000  0.440000
 0.000000  0.990000  0.000000  0.010000
 0.000000  0.000000  0.990000  0.000000
 0.000000  0.000000  0.000000  0.990000
 0.410000  0.170000  0.220000  0.200000
 0.220000  0.240000  0.260000  0.280000
 0.390000  0.160000  0.280000  0.170000
 0.340000  0.180000  0.200000  0.280000
 0.400000  0.210000  0.240000  0.150000
 0.410000  0.000000  0.570000  0.000000
 0.120000  0.250000  0.090000  0.550000
 0.000000  0.000000  0.810000  0.190000
 0.920000  0.080000  0.000000  0.000000
 0.000000  0.450000  0.090000  0.460000
 0.370000  0.220000  0.180000  0.230000
 0.340000  0.180000  0.140000  0.340000
URL http://jaspar.genereg.net/matrix/MA0265.1

MOTIF MA0266.1 ABF2
letter-probability matrix: alength= 4 w= 7 nsites= 100 E= 0
 0.180000  0.390000  0.250000  0.180000
 0.090000  0.090000  0.020000  0.800000
 0.000000  1.000000  0.000000  0.000000
 0.000000  0.000000  0.000000  1.000000
 1.000000  0.000000  0.000000  0.000000
 0.000000  0.000000  1.000000  0.000000
 0.950000  0.020000  0.020000  0.020000
URL http://jaspar.genereg.net/matrix/MA0266.1

MOTIF MA0267.1 ACE2
letter-probability matrix: alength= 4 w= 7 nsites= 99 E= 0
 0.454545  0.282828  0.212121  0.050505
 0.010101  0.929293  0.060606  0.010101
 0.000000  1.010101  0.000000  0.000000
 0.909091  0.101010  0.000000  0.000000
 0.000000  0.000000  1.010101  0.000000
 0.000000  1.010101  0.000000  0.000000
 0.494949  0.202020  0.171717  0.141414
URL http://jaspar.genereg.net/matrix/MA0267.1

MOTIF MA0268.1 ADR1
letter-probability matrix: alength= 4 w= 7 nsites= 100 E= 0
 0.410000  0.240000  0.130000  0.220000
 0.000000  1.000000  0.000000  0.000000
 0.000000  0.850000  0.000000  0.150000
 0.000000  1.000000  0.000000  0.000000
 0.000000  1.000000  0.000000  0.000000
 0.640000  0.060000  0.200000  0.100000
 0.340000  0.510000  0.060000  0.090000
URL http://jaspar.genereg.net/matrix/MA0268.1

MOTIF MA0269.1 AFT1
letter-probability matrix: alength= 4 w= 21 nsites= 998 E= 0
 0.106212  0.205411  0.231463  0.456914
 0.155311  0.249499  0.220441  0.374749
 0.362725  0.197395  0.221443  0.218437
 0.179359  0.396794  0.222445  0.200401
 0.426854  0.231463  0.154309  0.187375
 0.136273  0.078156  0.142285  0.642285
 0.717435  0.025050  0.031062  0.226453
 0.145291  0.031062  0.288577  0.536072
 0.034068  0.047094  0.039078  0.879760
 0.160321  0.010020  0.813627  0.016032
 0.010020  0.967936  0.011022  0.010020
 0.962926  0.009018  0.015030  0.014028
 0.008016  0.973948  0.009018  0.010020
 0.025050  0.956914  0.002004  0.016032
 0.019038  0.741483  0.013026  0.225451
 0.181363  0.257515  0.494990  0.065130
 0.265531  0.252505  0.241483  0.240481
 0.287575  0.155311  0.183367  0.373747
 0.276553  0.180361  0.068136  0.474950
 0.123246  0.225451  0.357715  0.292585
 0.154309  0.236473  0.458918  0.150301
URL http://jaspar.genereg.net/matrix/MA0269.1

MOTIF MA0270.1 AFT2
letter-probability matrix: alength= 4 w= 8 nsites= 100 E= 0
 0.080000  0.450000  0.270000  0.200000
 0.700000  0.000000  0.300000  0.000000
 0.000000  1.000000  0.000000  0.000000
 1.000000  0.000000  0.000000  0.000000
 0.000000  1.000000  0.000000  0.000000
 0.000000  1.000000  0.000000  0.000000
 0.000000  1.000000  0.000000  0.000000
 0.090000  0.420000  0.270000  0.210000
URL http://jaspar.genereg.net/matrix/MA0270.1

MOTIF MA0271.1 ARG80
letter-probability matrix: alength= 4 w= 6 nsites= 158 E= 0
 0.563291  0.000000  0.000000  0.436709
 0.000000  0.000000  1.905063  0.000000
 1.018987  0.000000  0.000000  0.000000
 0.000000  1.905063  0.000000  0.000000
 0.278481  0.000000  0.500000  0.436709
 0.000000  1.620253  0.000000  0.126582
URL http://jaspar.genereg.net/matrix/MA0271.1

MOTIF MA0272.1 ARG81
letter-probability matrix: alength= 4 w= 8 nsites= 198 E= 0
 0.297980  0.060606  0.419192  0.222222
 0.030303  0.000000  0.020202  0.777778
 0.101010  0.000000  1.207071  0.000000
 0.853535  0.000000  0.000000  0.000000
 0.000000  1.368687  0.000000  0.005051
 0.005051  0.000000  0.000000  0.828283
 0.000000  1.409091  0.000000  0.000000
 0.297980  0.297980  0.020202  0.323232
URL http://jaspar.genereg.net/matrix/MA0272.1

MOTIF MA0273.1 ARO80
letter-probability matrix: alength= 4 w= 21 nsites= 998 E= 0
 0.102204  0.155311  0.532064  0.210421
 0.330661  0.193387  0.301603  0.174349
 0.126253  0.232465  0.317635  0.323647
 0.407816  0.253507  0.203407  0.136273
 0.390782  0.193387  0.229459  0.186373
 0.310621  0.198397  0.135271  0.355711
 0.083166  0.154309  0.336673  0.426854
 0.040080  0.745491  0.030060  0.185371
 0.005010  0.231463  0.008016  0.754509
 0.005010  0.988978  0.001002  0.005010
 0.001002  0.022044  0.976954  0.001002
 0.001002  0.005010  0.991984  0.002004
 0.015030  0.359719  0.295591  0.329659
 0.671343  0.004008  0.006012  0.318637
 0.691383  0.068136  0.060120  0.181363
 0.105210  0.222445  0.372745  0.299599
 0.269539  0.119238  0.193387  0.418838
 0.353707  0.210421  0.205411  0.230461
 0.257515  0.217435  0.178357  0.347695
 0.236473  0.103206  0.349699  0.310621
 0.278557  0.252505  0.170341  0.298597
URL http://jaspar.genereg.net/matrix/MA0273.1

MOTIF MA0274.1 ARR1
letter-probability matrix: alength= 4 w= 8 nsites= 160 E= 0
 1.000000  0.000000  0.000000  0.000000
 0.150000  0.468750  0.181250  0.456250
 0.187500  0.437500  0.000000  0.543750
 0.000000  0.000000  0.000000  1.006250
 0.456250  0.000000  1.006250  0.000000
 0.806250  0.256250  0.075000  0.000000
 0.856250  0.000000  0.181250  0.018750
 0.068750  0.000000  0.150000  0.806250
URL http://jaspar.genereg.net/matrix/MA0274.1

MOTIF MA0275.1 ASG1
letter-probability matrix: alength= 4 w= 6 nsites= 100 E= 0
 0.000000  0.760000  0.000000  0.240000
 0.000000  1.000000  0.000000  0.000000
 0.000000  0.000000  1.000000  0.000000
 0.000000  0.000000  1.000000  0.000000
 0.720000  0.110000  0.160000  0.000000
 0.530000  0.000000  0.000000  0.470000
URL http://jaspar.genereg.net/matrix/MA0275.1

MOTIF MA0276.1 ASH1
letter-probability matrix: alength= 4 w= 10 nsites= 263 E= 0
 0.000000  0.836502  0.030418  0.133080
 0.000000  1.106464  0.000000  0.011407
 0.231939  0.079848  0.505703  0.038023
 0.220532  0.205323  0.384030  0.045627
 0.494297  0.000000  0.205323  0.000000
 0.000000  0.041825  0.030418  0.558935
 0.125475  0.570342  0.030418  0.133080
 0.304183  0.000000  0.349810  0.098859
 0.000000  0.030418  0.946768  0.072243
 0.000000  0.000000  0.973384  0.068441
URL http://jaspar.genereg.net/matrix/MA0276.1

MOTIF MA0277.1 AZF1
letter-probability matrix: alength= 4 w= 9 nsites= 102 E= 0
 0.617647  0.127451  0.127451  0.127451
 0.980392  0.000000  0.000000  0.000000
 0.980392  0.000000  0.000000  0.000000
 0.862745  0.127451  0.000000  0.000000
 0.735294  0.000000  0.245098  0.000000
 0.000000  0.000000  0.980392  0.000000
 0.764706  0.156863  0.029412  0.029412
 0.794118  0.058824  0.058824  0.058824
 0.617647  0.127451  0.127451  0.127451
URL http://jaspar.genereg.net/matrix/MA0277.1

MOTIF MA0278.1 BAS1
letter-probability matrix: alength= 4 w= 21 nsites= 998 E= 0
 0.064128  0.217435  0.425852  0.292585
 0.104208  0.553106  0.150301  0.192385
 0.484970  0.111222  0.114228  0.288577
 0.078156  0.401804  0.186373  0.333667
 0.455912  0.051102  0.370741  0.122244
 0.248497  0.034068  0.671343  0.046092
 0.098196  0.725451  0.143287  0.033066
 0.052104  0.919840  0.007014  0.020040
 0.348697  0.346693  0.280561  0.024048
 0.012024  0.003006  0.978958  0.006012
 0.967936  0.005010  0.023046  0.004008
 0.026052  0.006012  0.963928  0.004008
 0.009018  0.010020  0.004008  0.976954
 0.047094  0.931864  0.007014  0.015030
 0.893788  0.042084  0.016032  0.049098
 0.487976  0.123246  0.320641  0.068136
 0.288577  0.140281  0.317635  0.254509
 0.373747  0.110220  0.081162  0.434870
 0.178357  0.367735  0.184369  0.268537
 0.402806  0.140281  0.341683  0.114228
 0.435872  0.229459  0.241483  0.094188
URL http://jaspar.genereg.net/matrix/MA0278.1

MOTIF MA0279.1 CAD1
letter-probability matrix: alength= 4 w= 10 nsites= 2254 E= 0
 0.912156  0.044366  0.043478  0.000000
 0.043035  0.000000  0.000000  0.929459
 0.000000  0.000000  0.000000  0.955634
 0.838066  0.043478  0.000000  0.076309
 0.267081  0.094499  0.649512  0.000000
 0.000000  0.000000  0.000000  0.955634
 0.863798  0.091393  0.000000  0.000000
 0.955634  0.000000  0.000000  0.000000
 0.000000  0.000000  0.628217  0.354037
 0.000000  0.926353  0.000000  0.043035
URL http://jaspar.genereg.net/matrix/MA0279.1

MOTIF MA0280.1 CAT8
letter-probability matrix: alength= 4 w= 6 nsites= 100 E= 0
 0.000000  1.000000  0.000000  0.000000
 0.000000  1.000000  0.000000  0.000000
 0.000000  0.000000  1.000000  0.000000
 0.000000  0.000000  1.000000  0.000000
 0.660000  0.130000  0.210000  0.000000
 0.320000  0.180000  0.280000  0.220000
URL http://jaspar.genereg.net/matrix/MA0280.1

MOTIF MA0281.1 CBF1
letter-probability matrix: alength= 4 w= 8 nsites= 99 E= 0
 0.191919  0.080808  0.535354  0.191919
 0.030303  0.929293  0.030303  0.030303
 1.010101  0.000000  0.000000  0.000000
 0.000000  1.010101  0.000000  0.000000
 0.000000  0.000000  1.010101  0.000000
 0.000000  0.000000  0.000000  1.010101
 0.000000  0.000000  1.010101  0.000000
 0.727273  0.171717  0.060606  0.060606
URL http://jaspar.genereg.net/matrix/MA0281.1

MOTIF MA0282.1 CEP3
letter-probability matrix: alength= 4 w= 8 nsites= 100 E= 0
 0.040000  0.560000  0.040000  0.360000
 0.000000  0.000000  0.000000  1.000000
 0.000000  1.000000  0.000000  0.000000
 0.000000  0.000000  1.000000  0.000000
 0.000000  0.000000  1.000000  0.000000
 0.910000  0.010000  0.010000  0.070000
 0.920000  0.030000  0.030000  0.030000
 0.420000  0.210000  0.210000  0.160000
URL http://jaspar.genereg.net/matrix/MA0282.1

MOTIF MA0283.1 CHA4
letter-probability matrix: alength= 4 w= 8 nsites= 100 E= 0
 0.220000  0.050000  0.680000  0.050000
 0.000000  0.000000  1.000000  0.000000
 0.000000  1.000000  0.000000  0.000000
 0.000000  0.000000  1.000000  0.000000
 0.000000  0.000000  1.000000  0.000000
 0.710000  0.000000  0.280000  0.000000
 0.220000  0.010000  0.760000  0.010000
 0.480000  0.100000  0.100000  0.310000
URL http://jaspar.genereg.net/matrix/MA0283.1

MOTIF MA0284.1 CIN5
letter-probability matrix: alength= 4 w= 10 nsites= 100 E= 0
 0.000000  0.000000  0.090000  0.910000
 0.130000  0.070000  0.230000  0.560000
 1.000000  0.000000  0.000000  0.000000
 0.110000  0.540000  0.050000  0.310000
 0.200000  0.160000  0.570000  0.070000
 0.000000  0.000000  0.000000  1.000000
 0.910000  0.090000  0.000000  0.000000
 1.000000  0.000000  0.000000  0.000000
 0.020000  0.140000  0.380000  0.470000
 0.150000  0.700000  0.080000  0.070000
URL http://jaspar.genereg.net/matrix/MA0284.1

MOTIF MA0285.1 CRZ1
letter-probability matrix: alength= 4 w= 9 nsites= 100 E= 0
 0.200000  0.480000  0.180000  0.140000
 0.280000  0.220000  0.170000  0.320000
 0.370000  0.300000  0.220000  0.110000
 0.630000  0.360000  0.010000  0.010000
 0.000000  0.000000  1.000000  0.000000
 0.000000  1.000000  0.000000  0.000000
 0.000000  0.990000  0.000000  0.000000
 0.420000  0.300000  0.070000  0.210000
 0.070000  0.760000  0.080000  0.080000
URL http://jaspar.genereg.net/matrix/MA0285.1

MOTIF MA0286.1 CST6
letter-probability matrix: alength= 4 w= 9 nsites= 101 E= 0
 0.465347  0.108911  0.316832  0.108911
 0.009901  0.009901  0.009901  0.950495
 0.009901  0.009901  0.900990  0.069307
 0.990099  0.000000  0.000000  0.000000
 0.000000  0.990099  0.000000  0.000000
 0.049505  0.000000  0.940594  0.000000
 0.000000  0.000000  0.000000  0.990099
 0.445545  0.277228  0.079208  0.178218
 0.455446  0.138614  0.198020  0.198020
URL http://jaspar.genereg.net/matrix/MA0286.1

MOTIF MA0287.1 CUP2
letter-probability matrix: alength= 4 w= 11 nsites= 9 E= 0
 0.000000  0.777778  0.000000  0.222222
 1.000000  0.000000  0.000000  0.000000
 0.000000  0.000000  1.000000  0.000000
 0.222222  0.777778  0.000000  0.000000
 0.666667  0.000000  0.333333  0.000000
 0.444444  0.111111  0.444444  0.000000
 1.000000  0.000000  0.000000  0.000000
 1.000000  0.000000  0.000000  0.000000
 0.777778  0.000000  0.222222  0.000000
 0.444444  0.000000  0.000000  0.555556
 0.222222  0.000000  0.777778  0.000000
URL http://jaspar.genereg.net/matrix/MA0287.1

MOTIF MA0288.1 CUP9
letter-probability matrix: alength= 4 w= 9 nsites= 99 E= 0
 0.070707  0.101010  0.030303  0.797980
 0.000000  0.000000  1.010101  0.000000
 0.848485  0.000000  0.090909  0.070707
 0.010101  1.000000  0.000000  0.000000
 0.919192  0.000000  0.090909  0.000000
 0.000000  0.646465  0.090909  0.272727
 0.757576  0.151515  0.000000  0.101010
 0.404040  0.000000  0.000000  0.606061
 0.393939  0.131313  0.030303  0.454545
URL http://jaspar.genereg.net/matrix/MA0288.1

MOTIF MA0289.1 DAL80
letter-probability matrix: alength= 4 w= 7 nsites= 101 E= 0
 0.108911  0.663366  0.059406  0.168317
 0.000000  0.000000  0.990099  0.000000
 0.990099  0.000000  0.000000  0.000000
 0.000000  0.000000  0.000000  0.990099
 0.990099  0.000000  0.000000  0.000000
 0.891089  0.009901  0.009901  0.069307
 0.029703  0.188119  0.742574  0.029703
URL http://jaspar.genereg.net/matrix/MA0289.1

MOTIF MA0290.1 DAL81
letter-probability matrix: alength= 4 w= 19 nsites= 203 E= 0
 1.000000  0.000000  0.000000  0.000000
 1.000000  0.000000  0.000000  0.000000
 1.000000  0.000000  0.000000  0.000000
 1.000000  0.000000  0.000000  0.000000
 0.000000  0.000000  1.000000  0.000000
 0.000000  1.000000  0.000000  0.000000
 0.000000  1.000000  0.000000  0.000000
 0.000000  0.000000  1.000000  0.000000
 0.000000  1.000000  0.000000  0.000000
 0.000000  0.000000  1.000000  0.000000
 0.000000  0.000000  1.000000  0.000000
 0.000000  0.000000  1.000000  0.000000
 0.000000  1.000000  0.000000  0.000000
 0.000000  0.000000  1.000000  0.000000
 0.000000  0.000000  1.000000  0.000000
 0.000000  0.000000  1.000000  0.000000
 1.000000  0.000000  0.000000  0.000000
 0.000000  0.000000  0.000000  1.000000
 0.000000  0.000000  0.000000  1.000000
URL http://jaspar.genereg.net/matrix/MA0290.1

MOTIF MA0291.1 DAL82
letter-probability matrix: alength= 4 w= 9 nsites= 98 E= 0
 0.571429  0.142857  0.142857  0.142857
 0.540816  0.112245  0.051020  0.326531
 0.397959  0.030612  0.030612  0.561224
 0.265306  0.112245  0.428571  0.214286
 0.000000  0.265306  0.000000  0.755102
 0.000000  0.000000  1.020408  0.000000
 0.000000  1.020408  0.000000  0.000000
 0.000000  0.000000  1.020408  0.000000
 0.112245  0.693878  0.112245  0.112245
URL http://jaspar.genereg.net/matrix/MA0291.1

MOTIF MA0292.1 ECM22
letter-probability matrix: alength= 4 w= 7 nsites= 99 E= 0
 0.282828  0.363636  0.070707  0.282828
 0.141414  0.070707  0.070707  0.717172
 0.000000  1.010101  0.000000  0.000000
 0.000000  1.010101  0.000000  0.000000
 0.000000  0.141414  0.868687  0.000000
 0.000000  0.000000  0.868687  0.141414
 0.939394  0.000000  0.070707  0.000000
URL http://jaspar.genereg.net/matrix/MA0292.1

MOTIF MA0293.1 ECM23
letter-probability matrix: alength= 4 w= 11 nsites= 100 E= 0
 0.310000  0.250000  0.230000  0.210000
 0.330000  0.250000  0.220000  0.200000
 0.720000  0.110000  0.100000  0.070000
 0.100000  0.020000  0.860000  0.020000
 1.000000  0.000000  0.000000  0.000000
 0.030000  0.000000  0.000000  0.970000
 0.010000  0.900000  0.030000  0.070000
 0.140000  0.190000  0.140000  0.530000
 0.300000  0.230000  0.210000  0.260000
 0.320000  0.250000  0.250000  0.190000
 0.300000  0.260000  0.220000  0.210000
URL http://jaspar.genereg.net/matrix/MA0293.1

MOTIF MA0294.1 EDS1
letter-probability matrix: alength= 4 w= 9 nsites= 99 E= 0
 0.141414  0.525253  0.141414  0.191919
 0.000000  0.000000  1.010101  0.000000
 0.000000  0.000000  1.010101  0.000000
 1.010101  0.000000  0.000000  0.000000
 0.767677  0.000000  0.000000  0.242424
 0.484848  0.242424  0.101010  0.191919
 1.010101  0.000000  0.000000  0.000000
 0.828283  0.010101  0.010101  0.151515
 0.151515  0.202020  0.111111  0.545455
URL http://jaspar.genereg.net/matrix/MA0294.1

MOTIF MA0295.1 FHL1
letter-probability matrix: alength= 4 w= 8 nsites= 100 E= 0
 0.000000  0.100000  0.900000  0.000000
 1.000000  0.000000  0.000000  0.000000
 0.000000  1.000000  0.000000  0.000000
 0.000000  0.000000  1.000000  0.000000
 0.000000  1.000000  0.000000  0.000000
 0.900000  0.000000  0.000000  0.100000
 0.480000  0.280000  0.180000  0.080000
 0.550000  0.150000  0.150000  0.150000
URL http://jaspar.genereg.net/matrix/MA0295.1

MOTIF MA0296.1 FKH1
letter-probability matrix: alength= 4 w= 20 nsites= 997 E= 0
 0.177533  0.287864  0.207623  0.326981
 0.247743  0.192578  0.335005  0.225677
 0.521565  0.084253  0.098295  0.297894
 0.527583  0.076229  0.129388  0.267803
 0.366098  0.073220  0.150451  0.412237
 0.119358  0.146439  0.133400  0.601805
 0.146439  0.004012  0.849549  0.001003
 0.007021  0.003009  0.000000  0.989970
 0.961886  0.037111  0.000000  0.001003
 0.979940  0.011033  0.001003  0.009027
 0.992979  0.001003  0.002006  0.005015
 0.001003  0.927783  0.001003  0.071214
 0.992979  0.001003  0.003009  0.004012
 0.876630  0.039117  0.016048  0.069208
 0.673019  0.049147  0.070211  0.208626
 0.248746  0.191575  0.408225  0.152457
 0.375125  0.158475  0.296891  0.170512
 0.284855  0.184554  0.330993  0.200602
 0.205617  0.116349  0.453360  0.225677
 0.422267  0.192578  0.248746  0.137412
URL http://jaspar.genereg.net/matrix/MA0296.1

MOTIF MA0297.1 FKH2
letter-probability matrix: alength= 4 w= 7 nsites= 101 E= 0
 0.128713  0.000000  0.871287  0.000000
 0.000000  0.000000  0.000000  0.990099
 0.990099  0.000000  0.000000  0.000000
 0.990099  0.000000  0.000000  0.000000
 0.990099  0.000000  0.000000  0.000000
 0.000000  0.990099  0.000000  0.000000
 0.990099  0.000000  0.000000  0.000000
URL http://jaspar.genereg.net/matrix/MA0297.1

MOTIF MA0298.1 FZF1
letter-probability matrix: alength= 4 w= 6 nsites= 1 E= 0
 0.000000  1.000000  0.000000  0.000000
 0.000000  0.000000  0.000000  1.000000
 1.000000  0.000000  0.000000  0.000000
 0.000000  0.000000  0.000000  1.000000
 0.000000  1.000000  0.000000  0.000000
 1.000000  0.000000  0.000000  0.000000
URL http://jaspar.genereg.net/matrix/MA0298.1

MOTIF MA0299.1 GAL4
letter-probability matrix: alength= 4 w= 15 nsites= 2779 E= 0
 0.000000  1.000000  0.000000  0.000000
 0.000000  0.000000  1.000000  0.000000
 0.000000  0.157611  0.817920  0.034905
 0.279957  0.235696  0.333573  0.258006
 0.105074  0.409140  0.414178  0.179201
 0.366679  0.291472  0.360561  0.140338
 0.841670  0.000000  0.193595  0.035264
 0.204030  0.466355  0.291472  0.069809
 0.688377  0.120547  0.000000  0.265203
 0.237136  0.213026  0.627564  0.073408
 0.034545  0.275999  0.177762  0.642677
 0.421015  0.186038  0.397625  0.145376
 0.000000  0.517092  0.262325  0.296510
 0.084563  0.141058  0.150774  0.720043
 0.000000  1.000000  0.000000  0.000000
URL http://jaspar.genereg.net/matrix/MA0299.1

MOTIF MA0300.1 GAT1
letter-probability matrix: alength= 4 w= 8 nsites= 101 E= 0
 0.128713  0.435644  0.188119  0.247525
 0.168317  0.415842  0.049505  0.356436
 0.000000  0.000000  0.990099  0.000000
 0.990099  0.000000  0.000000  0.000000
 0.000000  0.000000  0.000000  0.990099
 0.990099  0.000000  0.000000  0.000000
 0.990099  0.000000  0.000000  0.000000
 0.029703  0.089109  0.831683  0.029703
URL http://jaspar.genereg.net/matrix/MA0300.1

MOTIF MA0301.1 GAT3
letter-probability matrix: alength= 4 w= 9 nsites= 100 E= 0
 0.650000  0.090000  0.200000  0.060000
 0.080000  0.020000  0.880000  0.010000
 0.920000  0.000000  0.000000  0.080000
 0.120000  0.000000  0.010000  0.870000
 0.030000  0.940000  0.010000  0.020000
 0.060000  0.270000  0.040000  0.630000
 0.510000  0.190000  0.180000  0.120000
 0.280000  0.330000  0.210000  0.170000
 0.320000  0.250000  0.210000  0.210000
URL http://jaspar.genereg.net/matrix/MA0301.1

MOTIF MA0302.1 GAT4
letter-probability matrix: alength= 4 w= 11 nsites= 101 E= 0
 0.356436  0.207921  0.237624  0.198020
 0.306931  0.257426  0.178218  0.257426
 0.792079  0.039604  0.118812  0.039604
 0.029703  0.000000  0.950495  0.000000
 0.970297  0.000000  0.000000  0.019802
 0.000000  0.000000  0.000000  0.980198
 0.000000  0.980198  0.000000  0.000000
 0.049505  0.277228  0.029703  0.633663
 0.396040  0.198020  0.227723  0.168317
 0.277228  0.257426  0.227723  0.217822
 0.326733  0.237624  0.207921  0.207921
URL http://jaspar.genereg.net/matrix/MA0302.1

MOTIF MA0303.1 GCN4
letter-probability matrix: alength= 4 w= 21 nsites= 998 E= 0
 0.218437  0.295591  0.245491  0.240481
 0.371743  0.217435  0.268537  0.142285
 0.362725  0.213427  0.150301  0.273547
 0.282565  0.119238  0.325651  0.272545
 0.275551  0.177355  0.316633  0.230461
 0.169339  0.140281  0.365731  0.325651
 0.536072  0.035070  0.413828  0.015030
 0.011022  0.008016  0.006012  0.974950
 0.002004  0.005010  0.935872  0.057114
 0.969940  0.013026  0.004008  0.013026
 0.002004  0.433868  0.563126  0.001002
 0.013026  0.004008  0.013026  0.969940
 0.057114  0.935872  0.005010  0.002004
 0.974950  0.006012  0.008016  0.011022
 0.015030  0.413828  0.035070  0.536072
 0.376754  0.290581  0.131263  0.202405
 0.207415  0.354709  0.194389  0.244489
 0.284569  0.216433  0.202405  0.296593
 0.226453  0.234469  0.177355  0.361723
 0.254509  0.329659  0.232465  0.183367
 0.337675  0.169339  0.195391  0.297595
URL http://jaspar.genereg.net/matrix/MA0303.1

MOTIF MA0304.1 GCR1
letter-probability matrix: alength= 4 w= 8 nsites= 2649 E= 0
 0.271423  0.011703  0.029068  0.687807
 0.000000  0.053605  0.875047  0.000000
 0.000000  0.008305  0.920347  0.000000
 0.928652  0.000000  0.000000  0.000000
 0.814270  0.003775  0.000000  0.110985
 0.003398  0.004908  0.878067  0.045678
 0.208758  0.642884  0.000000  0.090600
 0.000000  0.729332  0.005663  0.245753
URL http://jaspar.genereg.net/matrix/MA0304.1

MOTIF MA0305.1 GCR2
letter-probability matrix: alength= 4 w= 7 nsites= 231 E= 0
 0.142857  0.142857  0.645022  0.069264
 0.000000  1.207792  0.000000  0.000000
 0.047619  0.000000  0.004329  0.658009
 0.000000  0.000000  0.000000  0.731602
 0.000000  1.125541  0.000000  0.034632
 0.000000  1.164502  0.004329  0.000000
 0.264069  0.225108  0.025974  0.277056
URL http://jaspar.genereg.net/matrix/MA0305.1

MOTIF MA0306.1 GIS1
letter-probability matrix: alength= 4 w= 9 nsites= 100 E= 0
 0.410000  0.220000  0.120000  0.250000
 0.000000  0.970000  0.000000  0.030000
 0.000000  1.000000  0.000000  0.000000
 0.000000  1.000000  0.000000  0.000000
 0.000000  0.870000  0.000000  0.130000
 0.000000  0.000000  0.000000  1.000000
 0.490000  0.040000  0.150000  0.320000
 0.460000  0.110000  0.160000  0.270000
 0.320000  0.190000  0.180000  0.300000
URL http://jaspar.genereg.net/matrix/MA0306.1

MOTIF MA0307.1 GLN3
letter-probability matrix: alength= 4 w= 5 nsites= 100 E= 0
 0.000000  0.000000  1.000000  0.000000
 1.000000  0.000000  0.000000  0.000000
 0.000000  0.000000  0.000000  1.000000
 0.740000  0.000000  0.000000  0.260000
 0.610000  0.000000  0.270000  0.120000
URL http://jaspar.genereg.net/matrix/MA0307.1

MOTIF MA0308.1 GSM1
letter-probability matrix: alength= 4 w= 21 nsites= 998 E= 0
 0.322645  0.207415  0.190381  0.279559
 0.160321  0.172345  0.229459  0.438878
 0.219439  0.289579  0.168337  0.322645
 0.461924  0.124248  0.184369  0.229459
 0.349699  0.201403  0.233467  0.216433
 0.342685  0.144289  0.281563  0.231463
 0.567134  0.022044  0.017034  0.393788
 0.850701  0.009018  0.020040  0.120240
 0.400802  0.164329  0.182365  0.252505
 0.003006  0.917836  0.010020  0.069138
 0.004008  0.177355  0.038076  0.779559
 0.003006  0.986974  0.001002  0.009018
 0.000000  0.973948  0.025050  0.000000
 0.000000  0.030060  0.968938  0.001002
 0.136273  0.004008  0.850701  0.009018
 0.709419  0.060120  0.197395  0.032064
 0.289579  0.183367  0.438878  0.087174
 0.164329  0.172345  0.205411  0.458918
 0.373747  0.101202  0.232465  0.292585
 0.225451  0.168337  0.299599  0.306613
 0.322645  0.212425  0.195391  0.268537
URL http://jaspar.genereg.net/matrix/MA0308.1

MOTIF MA0309.1 GZF3
letter-probability matrix: alength= 4 w= 8 nsites= 100 E= 0
 0.180000  0.390000  0.020000  0.410000
 0.000000  0.000000  1.000000  0.000000
 1.000000  0.000000  0.000000  0.000000
 0.000000  0.000000  0.000000  1.000000
 1.000000  0.000000  0.000000  0.000000
 0.730000  0.090000  0.000000  0.180000
 0.040000  0.380000  0.590000  0.000000
 0.390000  0.180000  0.270000  0.160000
URL http://jaspar.genereg.net/matrix/MA0309.1

MOTIF MA0310.1 HAC1
letter-probability matrix: alength= 4 w= 8 nsites= 101 E= 0
 0.237624  0.059406  0.554455  0.148515
 0.673267  0.316832  0.000000  0.000000
 0.000000  0.990099  0.000000  0.000000
 0.990099  0.000000  0.000000  0.000000
 0.000000  0.990099  0.000000  0.000000
 0.000000  0.000000  0.990099  0.000000
 0.000000  0.000000  0.000000  0.990099
 0.267327  0.178218  0.405941  0.138614
URL http://jaspar.genereg.net/matrix/MA0310.1

MOTIF MA0311.1 HAL9
letter-probability matrix: alength= 4 w= 5 nsites= 99 E= 0
 0.000000  1.000000  0.000000  0.000000
 0.000000  0.000000  1.000000  0.000000
 0.000000  0.000000  1.000000  0.000000
 1.000000  0.000000  0.000000  0.000000
 0.626263  0.000000  0.373737  0.000000
URL http://jaspar.genereg.net/matrix/MA0311.1

MOTIF MA0312.1 HAP1
letter-probability matrix: alength= 4 w= 8 nsites= 100 E= 0
 0.000000  1.000000  0.000000  0.000000
 0.000000  0.000000  1.000000  0.000000
 0.000000  0.000000  1.000000  0.000000
 0.890000  0.000000  0.110000  0.000000
 0.050000  0.260000  0.530000  0.160000
 0.510000  0.040000  0.040000  0.410000
 0.040000  0.040000  0.040000  0.880000
 0.570000  0.110000  0.110000  0.210000
URL http://jaspar.genereg.net/matrix/MA0312.1

MOTIF MA0313.1 HAP2
letter-probability matrix: alength= 4 w= 5 nsites= 3939 E= 0
 0.000000  0.000000  0.000000  1.000000
 0.000000  0.000000  0.010155  0.989337
 0.005585  0.000000  0.995684  0.000000
 0.000000  0.000000  0.998223  0.001777
 0.171363  0.411018  0.033257  0.468901
URL http://jaspar.genereg.net/matrix/MA0313.1

MOTIF MA0314.1 HAP3
letter-probability matrix: alength= 4 w= 15 nsites= 2832 E= 0
 0.000000  0.182203  0.189619  0.628178
 0.130650  0.732345  0.105226  0.115113
 0.000000  0.162782  0.000000  0.840042
 0.034605  0.316737  0.520127  0.170904
 0.966455  0.000000  0.000000  0.000000
 0.000000  0.000000  0.000000  0.966455
 0.000000  0.000000  0.000000  0.966455
 0.000000  0.000000  0.966455  0.000000
 0.000000  0.000000  0.966455  0.000000
 0.000000  0.522599  0.000000  0.546963
 0.034251  0.412782  0.143008  0.444209
 0.285664  0.414901  0.366525  0.034605
 0.514831  0.093573  0.324153  0.119703
 0.383828  0.093927  0.477048  0.119703
 0.558616  0.212571  0.104520  0.234816
URL http://jaspar.genereg.net/matrix/MA0314.1

MOTIF MA0316.1 HAP5
letter-probability matrix: alength= 4 w= 15 nsites= 4398 E= 0
 0.145748  0.212597  0.234879  0.406776
 0.045475  0.435198  0.479309  0.022055
 0.025693  0.344020  0.565030  0.098454
 0.187813  0.258527  0.489995  0.103001
 0.413142  0.329923  0.100045  0.227831
 0.028877  0.144839  0.289450  0.543201
 0.022283  0.727376  0.153934  0.141883
 0.000000  0.159163  0.000000  0.844247
 0.122101  0.297408  0.432924  0.180309
 0.944975  0.000000  0.000000  0.000000
 0.000000  0.000000  0.000000  0.944975
 0.000000  0.000000  0.053206  0.891769
 0.087995  0.000000  0.861301  0.000000
 0.082083  0.113006  0.710095  0.059573
 0.000000  0.393361  0.000000  0.638472
URL http://jaspar.genereg.net/matrix/MA0316.1

MOTIF MA0317.1 HCM1
letter-probability matrix: alength= 4 w= 8 nsites= 100 E= 0
 0.510000  0.160000  0.250000  0.080000
 0.270000  0.080000  0.040000  0.610000
 0.670000  0.320000  0.010000  0.010000
 0.950000  0.050000  0.000000  0.000000
 1.000000  0.000000  0.000000  0.000000
 0.010000  0.860000  0.000000  0.130000
 0.950000  0.020000  0.020000  0.020000
 0.570000  0.170000  0.110000  0.140000
URL http://jaspar.genereg.net/matrix/MA0317.1

MOTIF MA0318.1 HMRA2
letter-probability matrix: alength= 4 w= 8 nsites= 100 E= 0
 0.060000  0.670000  0.060000  0.210000
 0.540000  0.000000  0.460000  0.000000
 0.040000  0.000000  0.000000  0.960000
 0.000000  0.000000  1.000000  0.000000
 0.000000  0.000000  0.000000  1.000000
 0.930000  0.000000  0.000000  0.070000
 0.880000  0.020000  0.020000  0.090000
 0.400000  0.080000  0.080000  0.440000
URL http://jaspar.genereg.net/matrix/MA0318.1

MOTIF MA0319.1 HSF1
letter-probability matrix: alength= 4 w= 8 nsites= 101 E= 0
 0.683168  0.128713  0.128713  0.059406
 0.019802  0.019802  0.019802  0.940594
 0.188119  0.000000  0.801980  0.000000
 0.000000  0.000000  0.990099  0.000000
 0.990099  0.000000  0.000000  0.000000
 0.990099  0.000000  0.000000  0.000000
 0.059406  0.554455  0.188119  0.188119
 0.475248  0.108911  0.227723  0.168317
URL http://jaspar.genereg.net/matrix/MA0319.1

MOTIF MA0320.1 IME1
letter-probability matrix: alength= 4 w= 8 nsites= 301 E= 0
 0.000000  1.000000  0.000000  0.000000
 0.000000  0.770764  0.202658  0.000000
 0.000000  0.000000  1.000000  0.000000
 0.000000  1.000000  0.000000  0.000000
 0.000000  0.627907  0.249169  0.049834
 0.000000  0.000000  1.000000  0.000000
 0.534884  0.000000  0.000000  0.000000
 0.053156  0.000000  0.883721  0.000000
URL http://jaspar.genereg.net/matrix/MA0320.1

MOTIF MA0321.1 INO2
letter-probability matrix: alength= 4 w= 9 nsites= 249 E= 0
 0.072289  0.116466  0.795181  0.016064
 0.000000  1.104418  0.000000  0.000000
 0.622490  0.028112  0.000000  0.016064
 0.000000  0.100402  0.000000  0.602410
 0.028112  0.000000  1.036145  0.000000
 0.032129  0.000000  0.044177  0.590361
 0.000000  0.136546  0.967871  0.000000
 0.566265  0.064257  0.092369  0.000000
 0.538153  0.008032  0.020080  0.096386
URL http://jaspar.genereg.net/matrix/MA0321.1

MOTIF MA0322.1 INO4
letter-probability matrix: alength= 4 w= 9 nsites= 242 E= 0
 0.119835  0.190083  0.669421  0.020661
 0.000000  0.975207  0.000000  0.078512
 0.570248  0.057851  0.000000  0.070248
 0.000000  0.000000  0.000000  0.694215
 0.041322  0.000000  1.057851  0.000000
 0.000000  0.000000  0.000000  0.690083
 0.070248  0.000000  0.995868  0.000000
 0.603306  0.028926  0.095041  0.000000
 0.586777  0.028926  0.107438  0.000000
URL http://jaspar.genereg.net/matrix/MA0322.1

MOTIF MA0323.1 IXR1
letter-probability matrix: alength= 4 w= 15 nsites= 161 E= 0
 1.000000  0.000000  0.000000  0.000000
 0.751553  0.000000  0.000000  0.229814
 0.422360  0.000000  0.695652  0.173913
 0.173913  1.416149  0.000000  0.037267
 0.366460  1.161491  0.000000  0.000000
 0.366460  0.000000  1.161491  0.000000
 0.173913  0.000000  1.049689  0.229814
 0.751553  0.000000  0.440994  0.000000
 0.751553  0.000000  0.000000  0.229814
 0.000000  0.000000  1.869565  0.000000
 0.000000  1.869565  0.000000  0.000000
 0.173913  0.000000  1.515528  0.000000
 0.037267  0.000000  1.770186  0.000000
 0.000000  0.000000  0.695652  0.614907
 0.000000  0.000000  1.515528  0.173913
URL http://jaspar.genereg.net/matrix/MA0323.1

MOTIF MA0324.1 LEU3
letter-probability matrix: alength= 4 w= 10 nsites= 100 E= 0
 0.000000  1.000000  0.000000  0.000000
 0.000000  1.000000  0.000000  0.000000
 0.000000  0.000000  0.560000  0.430000
 0.200000  0.000000  0.350000  0.450000
 0.260000  0.340000  0.000000  0.410000
 0.470000  0.120000  0.160000  0.250000
 0.000000  0.610000  0.390000  0.000000
 0.000000  1.000000  0.000000  0.000000
 0.000000  0.000000  1.000000  0.000000
 0.000000  0.320000  0.680000  0.000000
URL http://jaspar.genereg.net/matrix/MA0324.1

MOTIF MA0325.1 LYS14
letter-probability matrix: alength= 4 w= 8 nsites= 101 E= 0
 0.207921  0.485149  0.207921  0.099010
 0.039604  0.811881  0.099010  0.039604
 0.000000  0.000000  0.990099  0.000000
 0.000000  0.000000  0.990099  0.000000
 0.990099  0.000000  0.000000  0.000000
 0.990099  0.000000  0.000000  0.000000
 0.059406  0.000000  0.000000  0.930693
 0.128713  0.128713  0.069307  0.673267
URL http://jaspar.genereg.net/matrix/MA0325.1

MOTIF MA0326.1 MAC1
letter-probability matrix: alength= 4 w= 8 nsites= 1740 E= 0
 0.062069  0.000000  0.000000  0.937931
 0.051149  0.000000  0.125862  0.833908
 0.000000  0.000000  0.000000  0.985057
 0.066092  0.000000  0.918966  0.000000
 0.000000  0.985057  0.000000  0.000000
 0.000000  0.000000  0.000000  0.985057
 0.000000  0.985057  0.000000  0.000000
 0.550575  0.000000  0.376437  0.064943
URL http://jaspar.genereg.net/matrix/MA0326.1

MOTIF MA0327.1 HMRA1
letter-probability matrix: alength= 4 w= 7 nsites= 202 E= 0
 0.500000  0.000000  0.500000  0.000000
 0.000000  1.004950  0.000000  0.000000
 1.004950  0.000000  0.000000  0.000000
 0.000000  1.004950  0.000000  0.000000
 1.004950  0.000000  0.000000  0.000000
 1.004950  0.000000  0.000000  0.000000
 0.000000  0.000000  0.000000  1.004950
URL http://jaspar.genereg.net/matrix/MA0327.1

MOTIF MA0328.1 MATALPHA2
letter-probability matrix: alength= 4 w= 9 nsites= 11 E= 0
 0.000000  0.909091  0.000000  0.090909
 0.818182  0.000000  0.181818  0.000000
 0.000000  0.000000  0.000000  1.000000
 0.000000  0.000000  1.000000  0.000000
 0.000000  0.000000  0.000000  1.000000
 0.909091  0.000000  0.000000  0.090909
 0.818182  0.090909  0.000000  0.090909
 0.363636  0.000000  0.000000  0.636364
 0.000000  0.000000  0.000000  1.000000
URL http://jaspar.genereg.net/matrix/MA0328.1

MOTIF MA0329.1 MBP1
letter-probability matrix: alength= 4 w= 7 nsites= 100 E= 0
 0.550000  0.100000  0.180000  0.170000
 0.000000  1.000000  0.000000  0.000000
 0.150000  0.000000  0.850000  0.000000
 0.000000  0.880000  0.000000  0.120000
 0.000000  0.020000  0.980000  0.000000
 0.350000  0.170000  0.090000  0.390000
 0.330000  0.300000  0.180000  0.180000
URL http://jaspar.genereg.net/matrix/MA0329.1

MOTIF MA0330.1 MBP1::SWI6
letter-probability matrix: alength= 4 w= 7 nsites= 22439 E= 0
 0.675297  0.000000  0.018049  0.306654
 0.003654  0.977851  0.004501  0.007977
 0.002005  0.008111  0.979678  0.001025
 0.001382  0.850216  0.008378  0.136593
 0.002629  0.008111  0.979634  0.000936
 0.032354  0.066447  0.067115  0.841392
 0.016266  0.405856  0.039307  0.598823
URL http://jaspar.genereg.net/matrix/MA0330.1

MOTIF MA0331.1 MCM1
letter-probability matrix: alength= 4 w= 12 nsites= 13821 E= 0
 0.122422  0.821648  0.029303  0.026626
 0.007018  0.921279  0.000000  0.070255
 0.217206  0.426670  0.218725  0.311772
 0.436799  0.160625  0.248318  0.266334
 0.563563  0.014109  0.046451  0.388033
 0.067723  0.017148  0.000000  0.910643
 0.085016  0.279285  0.039216  0.659576
 0.478909  0.085088  0.430287  0.141596
 0.044280  0.002315  0.947978  0.000000
 0.008465  0.009695  0.965994  0.001158
 0.766370  0.069894  0.023081  0.159250
 0.902757  0.028869  0.025324  0.034368
URL http://jaspar.genereg.net/matrix/MA0331.1

MOTIF MA0332.1 MET28
letter-probability matrix: alength= 4 w= 6 nsites= 203 E= 0
 0.000000  1.000000  0.000000  0.000000
 0.000000  0.000000  0.000000  1.000000
 0.000000  0.000000  1.000000  0.000000
 0.000000  0.000000  0.000000  1.000000
 0.000000  0.000000  1.000000  0.000000
 0.000000  0.000000  1.000000  0.000000
URL http://jaspar.genereg.net/matrix/MA0332.1

MOTIF MA0333.1 MET31
letter-probability matrix: alength= 4 w= 9 nsites= 101 E= 0
 0.376238  0.099010  0.376238  0.148515
 0.198020  0.277228  0.297030  0.198020
 0.138614  0.138614  0.178218  0.544554
 0.000000  0.000000  0.990099  0.000000
 0.000000  0.000000  0.000000  0.990099
 0.000000  0.000000  0.990099  0.000000
 0.000000  0.000000  0.990099  0.000000
 0.000000  0.990099  0.000000  0.000000
 0.099010  0.000000  0.683168  0.198020
URL http://jaspar.genereg.net/matrix/MA0333.1

MOTIF MA0334.1 MET32
letter-probability matrix: alength= 4 w= 7 nsites= 100 E= 0
 0.340000  0.460000  0.100000  0.100000
 0.110000  0.050000  0.770000  0.070000
 0.000000  0.990000  0.000000  0.000000
 0.000000  1.000000  0.000000  0.000000
 0.930000  0.030000  0.000000  0.030000
 0.000000  0.990000  0.000000  0.010000
 0.640000  0.150000  0.120000  0.090000
URL http://jaspar.genereg.net/matrix/MA0334.1

MOTIF MA0335.1 MET4
letter-probability matrix: alength= 4 w= 8 nsites= 161 E= 0
 1.000000  0.000000  0.000000  0.000000
 0.658385  0.291925  0.298137  0.000000
 0.000000  1.236025  0.000000  0.316770
 0.000000  0.000000  0.000000  1.000000
 0.000000  0.000000  1.869565  0.000000
 0.000000  0.000000  0.000000  1.000000
 0.000000  0.000000  1.869565  0.000000
 0.000000  0.000000  1.869565  0.000000
URL http://jaspar.genereg.net/matrix/MA0335.1

MOTIF MA0336.1 MGA1
letter-probability matrix: alength= 4 w= 21 nsites= 998 E= 0
 0.384770  0.091182  0.206413  0.317635
 0.305611  0.124248  0.376754  0.194389
 0.240481  0.268537  0.318637  0.172345
 0.367735  0.171343  0.306613  0.154309
 0.252505  0.280561  0.194389  0.273547
 0.116232  0.204409  0.230461  0.448898
 0.788577  0.003006  0.198397  0.011022
 0.192385  0.110220  0.166333  0.532064
 0.702405  0.197395  0.098196  0.002004
 0.005010  0.002004  0.990982  0.002004
 0.991984  0.002004  0.003006  0.002004
 0.991984  0.002004  0.002004  0.005010
 0.012024  0.816633  0.015030  0.156313
 0.845691  0.039078  0.082164  0.032064
 0.068136  0.506012  0.070140  0.355711
 0.203407  0.180361  0.195391  0.419840
 0.301603  0.353707  0.084168  0.260521
 0.291583  0.268537  0.097194  0.342685
 0.441884  0.070140  0.229459  0.257515
 0.440882  0.168337  0.105210  0.285571
 0.342685  0.295591  0.216433  0.144289
URL http://jaspar.genereg.net/matrix/MA0336.1

MOTIF MA0337.1 MIG1
letter-probability matrix: alength= 4 w= 7 nsites= 100 E= 0
 0.320000  0.350000  0.150000  0.180000
 0.010000  0.970000  0.010000  0.010000
 0.000000  1.000000  0.000000  0.000000
 0.000000  1.000000  0.000000  0.000000
 0.000000  1.000000  0.000000  0.000000
 0.460000  0.030000  0.500000  0.010000
 0.050000  0.570000  0.300000  0.070000
URL http://jaspar.genereg.net/matrix/MA0337.1

MOTIF MA0338.1 MIG2
letter-probability matrix: alength= 4 w= 7 nsites= 100 E= 0
 0.010000  0.960000  0.020000  0.010000
 0.000000  1.000000  0.000000  0.000000
 0.000000  1.000000  0.000000  0.000000
 0.000000  1.000000  0.000000  0.000000
 0.360000  0.110000  0.520000  0.010000
 0.050000  0.770000  0.130000  0.060000
 0.360000  0.240000  0.240000  0.150000
URL http://jaspar.genereg.net/matrix/MA0338.1

MOTIF MA0339.1 MIG3
letter-probability matrix: alength= 4 w= 7 nsites= 101 E= 0
 0.009901  0.970297  0.009901  0.009901
 0.000000  0.930693  0.000000  0.059406
 0.000000  0.990099  0.000000  0.000000
 0.000000  0.990099  0.000000  0.000000
 0.405941  0.019802  0.544554  0.009901
 0.049505  0.683168  0.168317  0.089109
 0.405941  0.217822  0.227723  0.138614
URL http://jaspar.genereg.net/matrix/MA0339.1

MOTIF MA0340.1 MOT3
letter-probability matrix: alength= 4 w= 6 nsites= 201 E= 0
 0.333333  0.333333  0.000000  0.333333
 1.009950  0.000000  0.000000  0.000000
 0.000000  0.000000  1.009950  0.000000
 0.000000  0.000000  1.009950  0.000000
 0.000000  0.502488  0.000000  0.502488
 1.009950  0.000000  0.000000  0.000000
URL http://jaspar.genereg.net/matrix/MA0340.1

MOTIF MA0341.1 MSN2
letter-probability matrix: alength= 4 w= 5 nsites= 99 E= 0
 0.606061  0.070707  0.323232  0.000000
 0.000000  0.000000  1.010101  0.000000
 0.000000  0.000000  1.010101  0.000000
 0.000000  0.000000  1.010101  0.000000
 0.000000  0.000000  1.010101  0.000000
URL http://jaspar.genereg.net/matrix/MA0341.1

MOTIF MA0342.1 MSN4
letter-probability matrix: alength= 4 w= 5 nsites= 99 E= 0
 0.838384  0.000000  0.161616  0.000000
 0.000000  0.000000  1.000000  0.000000
 0.000000  0.000000  1.000000  0.000000
 0.000000  0.000000  1.000000  0.000000
 0.000000  0.000000  1.000000  0.010101
URL http://jaspar.genereg.net/matrix/MA0342.1

MOTIF MA0343.1 NDT80
letter-probability matrix: alength= 4 w= 21 nsites= 998 E= 0
 0.289579  0.282565  0.118236  0.309619
 0.197395  0.276553  0.160321  0.364729
 0.169339  0.213427  0.172345  0.443888
 0.215431  0.403808  0.140281  0.239479
 0.201403  0.430862  0.176353  0.191383
 0.099198  0.114228  0.495992  0.290581
 0.188377  0.020040  0.676353  0.116232
 0.444890  0.483968  0.041082  0.030060
 0.012024  0.949900  0.004008  0.034068
 0.941884  0.007014  0.045090  0.006012
 0.018036  0.968938  0.006012  0.006012
 0.966934  0.004008  0.009018  0.020040
 0.971944  0.005010  0.015030  0.008016
 0.946894  0.003006  0.014028  0.037074
 0.714429  0.024048  0.236473  0.024048
 0.496994  0.178357  0.082164  0.241483
 0.123246  0.631263  0.095190  0.149299
 0.127255  0.329659  0.440882  0.102204
 0.314629  0.330661  0.277555  0.078156
 0.360721  0.177355  0.230461  0.231463
 0.477956  0.192385  0.174349  0.154309
URL http://jaspar.genereg.net/matrix/MA0343.1

MOTIF MA0344.1 NHP10
letter-probability matrix: alength= 4 w= 8 nsites= 100 E= 0
 0.200000  0.100000  0.600000  0.100000
 0.080000  0.780000  0.080000  0.080000
 0.000000  1.000000  0.000000  0.000000
 0.000000  0.000000  1.000000  0.000000
 0.000000  0.000000  1.000000  0.000000
 0.000000  0.000000  1.000000  0.000000
 0.000000  0.000000  1.000000  0.000000
 0.680000  0.080000  0.180000  0.080000
URL http://jaspar.genereg.net/matrix/MA0344.1

MOTIF MA0345.1 NHP6A
letter-probability matrix: alength= 4 w= 21 nsites= 999 E= 0
 0.306306  0.279279  0.214214  0.200200
 0.242242  0.217217  0.083083  0.456456
 0.236236  0.153153  0.311311  0.298298
 0.380380  0.212212  0.151151  0.255255
 0.285285  0.333333  0.099099  0.281281
 0.104104  0.516517  0.049049  0.329329
 0.339339  0.130130  0.071071  0.458458
 0.491491  0.250250  0.064064  0.193193
 0.114114  0.024024  0.006006  0.855856
 0.903904  0.010010  0.026026  0.058058
 0.126126  0.029029  0.008008  0.835836
 0.847848  0.016016  0.043043  0.092092
 0.057057  0.042042  0.028028  0.871872
 0.746747  0.016016  0.020020  0.216216
 0.650651  0.030030  0.153153  0.166166
 0.377377  0.136136  0.137137  0.348348
 0.375375  0.138138  0.138138  0.346346
 0.416416  0.111111  0.172172  0.299299
 0.286286  0.154154  0.124124  0.434434
 0.313313  0.147147  0.314314  0.224224
 0.329329  0.289289  0.096096  0.284284
URL http://jaspar.genereg.net/matrix/MA0345.1

MOTIF MA0346.1 NHP6B
letter-probability matrix: alength= 4 w= 20 nsites= 999 E= 0
 0.182182  0.304304  0.099099  0.414414
 0.217217  0.225225  0.216216  0.341341
 0.135135  0.108108  0.107107  0.647648
 0.376376  0.208208  0.077077  0.336336
 0.195195  0.316316  0.111111  0.376376
 0.154154  0.317317  0.143143  0.384384
 0.393393  0.069069  0.026026  0.510511
 0.578579  0.089089  0.051051  0.279279
 0.169169  0.065065  0.016016  0.749750
 0.807808  0.032032  0.067067  0.092092
 0.092092  0.067067  0.032032  0.807808
 0.749750  0.016016  0.065065  0.169169
 0.279279  0.051051  0.089089  0.578579
 0.510511  0.026026  0.069069  0.393393
 0.461461  0.096096  0.121121  0.320320
 0.372372  0.106106  0.111111  0.409409
 0.465465  0.084084  0.336336  0.113113
 0.202202  0.160160  0.302302  0.334334
 0.287287  0.120120  0.339339  0.252252
 0.287287  0.257257  0.252252  0.202202
URL http://jaspar.genereg.net/matrix/MA0346.1

MOTIF MA0347.1 NRG1
letter-probability matrix: alength= 4 w= 20 nsites= 999 E= 0
 0.181181  0.404404  0.143143  0.271271
 0.243243  0.225225  0.199199  0.332332
 0.293293  0.250250  0.278278  0.177177
 0.259259  0.239239  0.262262  0.238238
 0.419419  0.112112  0.269269  0.198198
 0.213213  0.255255  0.092092  0.439439
 0.455455  0.488488  0.009009  0.046046
 0.960961  0.003003  0.036036  0.000000
 0.002002  0.001001  0.991992  0.004004
 0.002002  0.001001  0.993994  0.002002
 0.011011  0.000000  0.986987  0.001001
 0.071071  0.011011  0.002002  0.915916
 0.004004  0.928929  0.002002  0.063063
 0.003003  0.820821  0.003003  0.173173
 0.503504  0.087087  0.039039  0.369369
 0.245245  0.202202  0.239239  0.311311
 0.124124  0.303303  0.269269  0.302302
 0.224224  0.067067  0.548549  0.159159
 0.206206  0.400400  0.228228  0.163163
 0.325325  0.171171  0.233233  0.269269
URL http://jaspar.genereg.net/matrix/MA0347.1

MOTIF MA0348.1 OAF1
letter-probability matrix: alength= 4 w= 9 nsites= 100 E= 0
 0.110000  0.320000  0.110000  0.460000
 0.000000  1.000000  0.000000  0.000000
 0.000000  0.000000  1.000000  0.000000
 0.000000  0.000000  1.000000  0.000000
 0.560000  0.000000  0.430000  0.000000
 0.070000  0.000000  0.860000  0.070000
 0.680000  0.040000  0.040000  0.250000
 0.140000  0.070000  0.070000  0.710000
 0.560000  0.140000  0.140000  0.140000
URL http://jaspar.genereg.net/matrix/MA0348.1

MOTIF MA0349.1 OPI1
letter-probability matrix: alength= 4 w= 7 nsites= 219 E= 0
 0.155251  0.497717  0.191781  0.155251
 0.000000  0.000000  1.273973  0.000000
 0.757991  0.009132  0.000000  0.000000
 0.771689  0.000000  0.000000  0.000000
 0.000000  1.223744  0.000000  0.000000
 0.000000  1.246575  0.000000  0.000000
 0.269406  0.264840  0.401826  0.054795
URL http://jaspar.genereg.net/matrix/MA0349.1

MOTIF MA0350.1 TOD6
letter-probability matrix: alength= 4 w= 21 nsites= 998 E= 0
 0.362725  0.188377  0.218437  0.230461
 0.144289  0.213427  0.369739  0.273547
 0.101202  0.261523  0.370741  0.266533
 0.239479  0.327655  0.206413  0.226453
 0.369739  0.116232  0.235471  0.278557
 0.212425  0.366733  0.133267  0.288577
 0.650301  0.050100  0.096192  0.203407
 0.067134  0.396794  0.436874  0.098196
 0.020040  0.785571  0.193387  0.001002
 0.002004  0.029058  0.046092  0.922846
 0.002004  0.992986  0.002004  0.003006
 0.976954  0.000000  0.001002  0.021042
 0.001002  0.001002  0.018036  0.979960
 0.000000  0.979960  0.001002  0.018036
 0.052104  0.019038  0.870741  0.057114
 0.135271  0.656313  0.186373  0.022044
 0.181363  0.300601  0.383768  0.135271
 0.232465  0.282565  0.109218  0.376754
 0.187375  0.280561  0.111222  0.421844
 0.306613  0.213427  0.172345  0.308617
 0.201403  0.150301  0.320641  0.327655
URL http://jaspar.genereg.net/matrix/MA0350.1

MOTIF MA0351.1 DOT6
letter-probability matrix: alength= 4 w= 21 nsites= 998 E= 0
 0.278557  0.135271  0.231463  0.354709
 0.194389  0.250501  0.266533  0.289579
 0.156313  0.332665  0.223447  0.287575
 0.131263  0.249499  0.268537  0.351703
 0.239479  0.085170  0.400802  0.273547
 0.141283  0.480962  0.145291  0.232465
 0.517034  0.059118  0.138277  0.285571
 0.079158  0.420842  0.392786  0.107214
 0.029058  0.771543  0.197395  0.003006
 0.006012  0.052104  0.083166  0.859719
 0.001002  0.991984  0.004008  0.002004
 0.973948  0.000000  0.001002  0.025050
 0.001002  0.000000  0.027054  0.970942
 0.000000  0.969940  0.001002  0.028056
 0.036072  0.009018  0.877756  0.078156
 0.223447  0.576152  0.177355  0.022044
 0.280561  0.265531  0.252505  0.202405
 0.188377  0.298597  0.072144  0.441884
 0.163327  0.435872  0.208417  0.192385
 0.153307  0.371743  0.183367  0.290581
 0.185371  0.149299  0.202405  0.462926
URL http://jaspar.genereg.net/matrix/MA0351.1

MOTIF MA0352.1 PDR1
letter-probability matrix: alength= 4 w= 8 nsites= 99 E= 0
 0.080808  0.282828  0.151515  0.484848
 0.000000  1.010101  0.000000  0.000000
 0.000000  1.010101  0.000000  0.000000
 0.131313  0.000000  0.878788  0.000000
 0.020202  0.888889  0.080808  0.020202
 0.080808  0.020202  0.888889  0.020202
 0.101010  0.030303  0.838384  0.030303
 0.626263  0.080808  0.222222  0.080808
URL http://jaspar.genereg.net/matrix/MA0352.1

MOTIF MA0353.1 PDR3
letter-probability matrix: alength= 4 w= 8 nsites= 203 E= 0
 0.000000  0.000000  0.000000  1.000000
 0.000000  1.000000  0.000000  0.000000
 0.000000  1.000000  0.000000  0.000000
 0.000000  0.000000  1.000000  0.000000
 0.000000  1.000000  0.000000  0.000000
 0.000000  0.000000  1.000000  0.000000
 0.000000  0.000000  1.000000  0.000000
 1.000000  0.000000  0.000000  0.000000
URL http://jaspar.genereg.net/matrix/MA0353.1

MOTIF MA0354.1 PDR8
letter-probability matrix: alength= 4 w= 8 nsites= 99 E= 0
 0.383838  0.151515  0.383838  0.080808
 0.000000  1.010101  0.000000  0.000000
 0.000000  0.000000  1.010101  0.000000
 0.000000  0.000000  1.010101  0.000000
 1.010101  0.000000  0.000000  0.000000
 0.080808  0.080808  0.858586  0.000000
 1.010101  0.000000  0.000000  0.000000
 0.131313  0.060606  0.060606  0.757576
URL http://jaspar.genereg.net/matrix/MA0354.1

MOTIF MA0355.1 PHD1
letter-probability matrix: alength= 4 w= 10 nsites= 100 E= 0
 0.360000  0.270000  0.190000  0.180000
 0.090000  0.430000  0.390000  0.080000
 0.370000  0.440000  0.150000  0.030000
 0.000000  0.100000  0.000000  0.890000
 0.000000  0.000000  0.990000  0.000000
 0.000000  0.990000  0.000000  0.010000
 0.910000  0.010000  0.070000  0.010000
 0.080000  0.220000  0.360000  0.340000
 0.220000  0.420000  0.220000  0.140000
 0.320000  0.280000  0.210000  0.190000
URL http://jaspar.genereg.net/matrix/MA0355.1

MOTIF MA0356.1 PHO2
letter-probability matrix: alength= 4 w= 6 nsites= 101 E= 0
 0.514851  0.000000  0.079208  0.405941
 0.118812  0.000000  0.000000  0.871287
 0.990099  0.000000  0.000000  0.000000
 0.554455  0.000000  0.000000  0.435644
 0.227723  0.000000  0.000000  0.762376
 0.623762  0.000000  0.000000  0.366337
URL http://jaspar.genereg.net/matrix/MA0356.1

MOTIF MA0357.1 PHO4
letter-probability matrix: alength= 4 w= 8 nsites= 998 E= 0
 0.094188  0.393788  0.508016  0.004008
 0.097194  0.901804  0.000000  0.001002
 0.968938  0.001002  0.028056  0.002004
 0.000000  0.912826  0.001002  0.085170
 0.085170  0.001002  0.912826  0.000000
 0.002004  0.028056  0.001002  0.968938
 0.001002  0.000000  0.901804  0.097194
 0.004008  0.508016  0.393788  0.094188
URL http://jaspar.genereg.net/matrix/MA0357.1

MOTIF MA0358.1 PUT3
letter-probability matrix: alength= 4 w= 8 nsites= 99 E= 0
 0.090909  0.727273  0.090909  0.090909
 0.020202  0.909091  0.020202  0.060606
 0.000000  1.010101  0.000000  0.000000
 0.000000  0.000000  1.010101  0.000000
 0.000000  0.000000  1.010101  0.000000
 0.000000  0.000000  1.010101  0.000000
 0.525253  0.151515  0.191919  0.151515
 0.464646  0.131313  0.171717  0.252525
URL http://jaspar.genereg.net/matrix/MA0358.1

MOTIF MA0359.1 RAP1
letter-probability matrix: alength= 4 w= 10 nsites= 100 E= 0
 0.180000  0.690000  0.120000  0.010000
 0.980000  0.000000  0.000000  0.010000
 0.010000  0.750000  0.000000  0.230000
 0.010000  0.970000  0.010000  0.010000
 0.010000  0.900000  0.000000  0.090000
 0.710000  0.000000  0.270000  0.020000
 0.170000  0.110000  0.080000  0.650000
 0.720000  0.000000  0.140000  0.140000
 0.010000  0.980000  0.000000  0.010000
 0.860000  0.130000  0.000000  0.010000
URL http://jaspar.genereg.net/matrix/MA0359.1

MOTIF MA0360.1 RDR1
letter-probability matrix: alength= 4 w= 8 nsites= 101 E= 0
 0.247525  0.108911  0.108911  0.534653
 0.000000  0.000000  0.990099  0.000000
 0.000000  0.990099  0.000000  0.000000
 0.000000  0.000000  0.990099  0.000000
 0.000000  0.000000  0.990099  0.000000
 0.990099  0.000000  0.000000  0.000000
 0.851485  0.000000  0.000000  0.138614
 0.267327  0.475248  0.128713  0.128713
URL http://jaspar.genereg.net/matrix/MA0360.1

MOTIF MA0361.1 RDS1
letter-probability matrix: alength= 4 w= 7 nsites= 100 E= 0
 0.010000  0.910000  0.010000  0.070000
 0.000000  0.110000  0.890000  0.000000
 0.000000  0.000000  1.000000  0.000000
 0.000000  0.840000  0.160000  0.000000
 0.000000  0.950000  0.050000  0.000000
 0.000000  0.110000  0.890000  0.000000
 0.320000  0.320000  0.320000  0.050000
URL http://jaspar.genereg.net/matrix/MA0361.1

MOTIF MA0362.1 RDS2
letter-probability matrix: alength= 4 w= 7 nsites= 99 E= 0
 0.343434  0.393939  0.181818  0.080808
 0.000000  0.000000  0.000000  1.010101
 0.000000  1.010101  0.000000  0.000000
 0.000000  0.000000  1.010101  0.000000
 0.000000  0.000000  1.010101  0.000000
 0.121212  0.010101  0.868687  0.010101
 0.171717  0.070707  0.707071  0.070707
URL http://jaspar.genereg.net/matrix/MA0362.1

MOTIF MA0363.1 REB1
letter-probability matrix: alength= 4 w= 9 nsites= 100 E= 0
 0.300000  0.100000  0.500000  0.100000
 0.000000  0.000000  0.000000  1.000000
 0.000000  0.000000  0.000000  1.000000
 1.000000  0.000000  0.000000  0.000000
 0.000000  1.000000  0.000000  0.000000
 0.000000  1.000000  0.000000  0.000000
 0.000000  1.000000  0.000000  0.000000
 0.000000  0.000000  0.600000  0.400000
 0.150000  0.150000  0.550000  0.150000
URL http://jaspar.genereg.net/matrix/MA0363.1

MOTIF MA0364.1 REI1
letter-probability matrix: alength= 4 w= 7 nsites= 100 E= 0
 0.000000  0.950000  0.000000  0.050000
 0.050000  0.950000  0.000000  0.000000
 0.000000  1.000000  0.000000  0.000000
 0.000000  1.000000  0.000000  0.000000
 0.000000  0.000000  0.000000  1.000000
 0.000000  0.000000  0.950000  0.050000
 0.560000  0.080000  0.230000  0.130000
URL http://jaspar.genereg.net/matrix/MA0364.1

MOTIF MA0365.1 RFX1
letter-probability matrix: alength= 4 w= 8 nsites= 100 E= 0
 0.120000  0.270000  0.420000  0.190000
 0.000000  0.000000  1.000000  0.000000
 0.000000  0.000000  0.000000  1.000000
 0.000000  0.000000  0.000000  1.000000
 0.310000  0.000000  0.690000  0.000000
 0.000000  1.000000  0.000000  0.000000
 0.020000  0.480000  0.020000  0.480000
 0.880000  0.040000  0.040000  0.040000
URL http://jaspar.genereg.net/matrix/MA0365.1

MOTIF MA0366.1 RGM1
letter-probability matrix: alength= 4 w= 5 nsites= 100 E= 0
 1.000000  0.000000  0.000000  0.000000
 0.000000  0.000000  1.000000  0.000000
 0.000000  0.000000  1.000000  0.000000
 0.000000  0.000000  1.000000  0.000000
 0.110000  0.120000  0.770000  0.000000
URL http://jaspar.genereg.net/matrix/MA0366.1

MOTIF MA0367.1 RGT1
letter-probability matrix: alength= 4 w= 11 nsites= 100 E= 0
 0.420000  0.130000  0.230000  0.220000
 0.340000  0.100000  0.340000  0.220000
 0.370000  0.000000  0.000000  0.630000
 0.220000  0.020000  0.000000  0.770000
 0.270000  0.150000  0.170000  0.410000
 0.300000  0.180000  0.040000  0.480000
 0.000000  0.120000  0.000000  0.880000
 0.000000  1.000000  0.000000  0.000000
 0.000000  1.000000  0.000000  0.000000
 0.040000  0.000000  0.890000  0.080000
 0.320000  0.130000  0.330000  0.220000
URL http://jaspar.genereg.net/matrix/MA0367.1

MOTIF MA0368.1 RIM101
letter-probability matrix: alength= 4 w= 7 nsites= 100 E= 0
 0.090000  0.430000  0.090000  0.390000
 0.000000  0.000000  1.000000  0.000000
 0.000000  1.000000  0.000000  0.000000
 0.000000  1.000000  0.000000  0.000000
 1.000000  0.000000  0.000000  0.000000
 1.000000  0.000000  0.000000  0.000000
 0.000000  0.000000  1.000000  0.000000
URL http://jaspar.genereg.net/matrix/MA0368.1

MOTIF MA0369.1 RLM1
letter-probability matrix: alength= 4 w= 18 nsites= 38 E= 0
 0.263158  0.263158  0.263158  0.210526
 0.368421  0.052632  0.421053  0.263158
 0.289474  0.000000  0.026316  0.789474
 0.000000  0.000000  0.131579  0.973684
 0.000000  1.105263  0.000000  0.000000
 0.000000  0.000000  0.000000  1.105263
 1.105263  0.000000  0.000000  0.000000
 0.421053  0.000000  0.000000  0.684211
 0.578947  0.000000  0.000000  0.526316
 0.605263  0.000000  0.000000  0.500000
 0.842105  0.000000  0.000000  0.263158
 0.000000  0.000000  0.000000  1.105263
 1.105263  0.000000  0.000000  0.000000
 0.000000  0.000000  1.105263  0.000000
 0.710526  0.368421  0.000000  0.026316
 0.105263  0.394737  0.052632  0.526316
 0.184211  0.421053  0.078947  0.421053
 0.263158  0.342105  0.263158  0.184211
URL http://jaspar.genereg.net/matrix/MA0369.1

MOTIF MA0370.1 RME1
letter-probability matrix: alength= 4 w= 10 nsites= 183 E= 0
 0.000000  0.284153  0.000000  0.715847
 0.087432  0.524590  0.180328  0.377049
 0.087432  0.546448  0.267760  0.316940
 0.874317  0.000000  0.000000  0.000000
 0.650273  0.000000  0.147541  0.120219
 0.759563  0.158470  0.000000  0.010929
 0.147541  0.000000  1.333333  0.000000
 0.185792  0.000000  1.251366  0.000000
 0.502732  0.213115  0.191257  0.120219
 0.688525  0.000000  0.103825  0.098361
URL http://jaspar.genereg.net/matrix/MA0370.1

MOTIF MA0371.1 ROX1
letter-probability matrix: alength= 4 w= 12 nsites= 8 E= 0
 0.000000  0.500000  0.000000  0.500000
 0.000000  0.750000  0.000000  0.250000
 0.250000  0.500000  0.000000  0.250000
 0.875000  0.125000  0.000000  0.000000
 0.000000  0.000000  0.000000  1.000000
 0.000000  0.000000  0.125000  0.875000
 0.000000  0.000000  1.000000  0.000000
 0.000000  0.000000  0.000000  1.000000
 0.000000  0.000000  0.000000  1.000000
 0.000000  0.625000  0.125000  0.250000
 0.125000  0.000000  0.125000  0.750000
 0.000000  0.625000  0.250000  0.125000
URL http://jaspar.genereg.net/matrix/MA0371.1

MOTIF MA0372.1 RPH1
letter-probability matrix: alength= 4 w= 8 nsites= 100 E= 0
 0.530000  0.140000  0.140000  0.190000
 0.000000  1.000000  0.000000  0.000000
 0.000000  1.000000  0.000000  0.000000
 0.000000  1.000000  0.000000  0.000000
 0.000000  1.000000  0.000000  0.000000
 0.000000  0.000000  0.000000  1.000000
 0.630000  0.010000  0.070000  0.280000
 0.740000  0.070000  0.070000  0.130000
URL http://jaspar.genereg.net/matrix/MA0372.1

MOTIF MA0373.1 RPN4
letter-probability matrix: alength= 4 w= 7 nsites= 99 E= 0
 0.232323  0.000000  0.676768  0.090909
 0.000000  0.000000  1.010101  0.000000
 0.000000  0.000000  0.121212  0.888889
 0.000000  0.000000  1.010101  0.000000
 0.000000  0.000000  1.010101  0.000000
 0.000000  1.010101  0.000000  0.000000
 0.131313  0.000000  0.878788  0.000000
URL http://jaspar.genereg.net/matrix/MA0373.1

MOTIF MA0374.1 RSC3
letter-probability matrix: alength= 4 w= 7 nsites= 100 E= 0
 0.000000  0.910000  0.050000  0.040000
 0.000000  0.000000  0.990000  0.000000
 0.000000  0.990000  0.000000  0.000000
 0.000000  0.000000  0.990000  0.000000
 0.060000  0.550000  0.180000  0.200000
 0.190000  0.300000  0.370000  0.140000
 0.230000  0.260000  0.340000  0.180000
URL http://jaspar.genereg.net/matrix/MA0374.1

MOTIF MA0375.1 RSC30
letter-probability matrix: alength= 4 w= 8 nsites= 100 E= 0
 0.190000  0.500000  0.190000  0.120000
 0.150000  0.380000  0.460000  0.000000
 0.000000  0.920000  0.080000  0.000000
 0.000000  0.080000  0.920000  0.000000
 0.000000  0.920000  0.080000  0.000000
 0.000000  0.000000  1.000000  0.000000
 0.000000  0.850000  0.150000  0.000000
 0.000000  0.310000  0.690000  0.000000
URL http://jaspar.genereg.net/matrix/MA0375.1

MOTIF MA0376.1 RTG3
letter-probability matrix: alength= 4 w= 20 nsites= 998 E= 0
 0.393788  0.145291  0.330661  0.130261
 0.220441  0.147295  0.267535  0.364729
 0.357715  0.322645  0.207415  0.112224
 0.164329  0.176353  0.295591  0.363727
 0.156313  0.121242  0.250501  0.472946
 0.535070  0.113226  0.203407  0.148297
 0.034068  0.027054  0.663327  0.275551
 0.019038  0.954910  0.019038  0.007014
 0.906814  0.005010  0.081162  0.007014
 0.005010  0.950902  0.016032  0.028056
 0.028056  0.016032  0.950902  0.005010
 0.007014  0.081162  0.005010  0.906814
 0.007014  0.019038  0.954910  0.019038
 0.275551  0.663327  0.027054  0.034068
 0.152305  0.332665  0.156313  0.358717
 0.111222  0.270541  0.187375  0.430862
 0.398798  0.122244  0.276553  0.202405
 0.275551  0.257515  0.296593  0.171343
 0.323647  0.165331  0.033066  0.477956
 0.249499  0.396794  0.108216  0.245491
URL http://jaspar.genereg.net/matrix/MA0376.1

MOTIF MA0377.1 SFL1
letter-probability matrix: alength= 4 w= 21 nsites= 999 E= 0
 0.272272  0.183183  0.130130  0.414414
 0.368368  0.262262  0.124124  0.244244
 0.281281  0.244244  0.332332  0.141141
 0.382382  0.256256  0.117117  0.244244
 0.314314  0.098098  0.349349  0.237237
 0.368368  0.221221  0.198198  0.212212
 0.727728  0.030030  0.124124  0.118118
 0.127127  0.178178  0.108108  0.586587
 0.506507  0.261261  0.226226  0.006006
 0.018018  0.010010  0.960961  0.010010
 0.956957  0.016016  0.005005  0.021021
 0.959960  0.009009  0.021021  0.009009
 0.022022  0.047047  0.806807  0.123123
 0.616617  0.129129  0.218218  0.036036
 0.596597  0.134134  0.036036  0.232232
 0.535536  0.221221  0.048048  0.194194
 0.256256  0.156156  0.146146  0.440440
 0.492492  0.096096  0.217217  0.193193
 0.431431  0.067067  0.099099  0.401401
 0.369369  0.123123  0.146146  0.360360
 0.409409  0.121121  0.072072  0.395395
URL http://jaspar.genereg.net/matrix/MA0377.1

MOTIF MA0378.1 SFP1
letter-probability matrix: alength= 4 w= 21 nsites= 997 E= 0
 0.428285  0.159478  0.161484  0.250752
 0.202608  0.293882  0.194584  0.309930
 0.289870  0.174524  0.192578  0.344032
 0.250752  0.217653  0.293882  0.238716
 0.354062  0.077232  0.297894  0.271815
 0.534604  0.042126  0.343029  0.082247
 0.784353  0.073220  0.071214  0.073220
 0.900702  0.036108  0.046138  0.018054
 0.906720  0.009027  0.050150  0.035105
 0.857573  0.014042  0.042126  0.086259
 0.542628  0.034102  0.016048  0.409228
 0.086259  0.042126  0.014042  0.857573
 0.035105  0.050150  0.009027  0.906720
 0.018054  0.046138  0.036108  0.900702
 0.073220  0.071214  0.073220  0.784353
 0.126379  0.406219  0.091274  0.377131
 0.082247  0.355065  0.103310  0.460381
 0.327984  0.201605  0.165496  0.306921
 0.115346  0.429288  0.154463  0.301906
 0.217653  0.083250  0.375125  0.324975
 0.216650  0.169509  0.406219  0.208626
URL http://jaspar.genereg.net/matrix/MA0378.1

MOTIF MA0379.1 MOT2
letter-probability matrix: alength= 4 w= 5 nsites= 100 E= 0
 0.930000  0.020000  0.000000  0.050000
 0.000000  0.000000  0.000000  0.990000
 0.990000  0.000000  0.000000  0.000000
 0.000000  0.000000  0.000000  0.990000
 0.990000  0.000000  0.000000  0.000000
URL http://jaspar.genereg.net/matrix/MA0379.1

MOTIF MA0380.1 SIP4
letter-probability matrix: alength= 4 w= 7 nsites= 101 E= 0
 0.079208  0.475248  0.128713  0.316832
 0.000000  0.267327  0.000000  0.722772
 0.000000  0.980198  0.000000  0.009901
 0.000000  0.990099  0.000000  0.000000
 0.000000  0.000000  0.990099  0.000000
 0.227723  0.000000  0.623762  0.138614
 0.564356  0.158416  0.247525  0.000000
URL http://jaspar.genereg.net/matrix/MA0380.1

MOTIF MA0381.1 SKN7
letter-probability matrix: alength= 4 w= 6 nsites= 100 E= 0
 0.000000  0.000000  1.000000  0.000000
 0.000000  0.000000  1.000000  0.000000
 0.000000  1.000000  0.000000  0.000000
 0.000000  0.840000  0.160000  0.000000
 0.490000  0.150000  0.370000  0.000000
 0.210000  0.180000  0.280000  0.320000
URL http://jaspar.genereg.net/matrix/MA0381.1

MOTIF MA0382.1 SKO1
letter-probability matrix: alength= 4 w= 8 nsites= 957 E= 0
 1.000000  0.000000  0.000000  0.000000
 0.000000  1.000000  0.000000  0.000000
 0.104493  0.000000  0.937304  0.000000
 0.000000  0.000000  0.000000  1.000000
 1.000000  0.000000  0.000000  0.000000
 0.618600  0.000000  0.000000  0.380355
 0.000000  0.000000  0.000000  1.000000
 0.000000  0.000000  1.000000  0.000000
URL http://jaspar.genereg.net/matrix/MA0382.1

MOTIF MA0383.1 SMP1
letter-probability matrix: alength= 4 w= 21 nsites= 999 E= 0
 0.111111  0.244244  0.235235  0.409409
 0.189189  0.188188  0.265265  0.356356
 0.569570  0.097097  0.137137  0.196196
 0.085085  0.554555  0.158158  0.201201
 0.179179  0.623624  0.047047  0.149149
 0.130130  0.147147  0.085085  0.637638
 0.408408  0.128128  0.112112  0.350350
 0.097097  0.234234  0.033033  0.634635
 0.750751  0.125125  0.046046  0.077077
 0.865866  0.018018  0.018018  0.097097
 0.097097  0.018018  0.018018  0.865866
 0.077077  0.046046  0.125125  0.750751
 0.634635  0.033033  0.234234  0.097097
 0.495495  0.041041  0.060060  0.402402
 0.637638  0.085085  0.147147  0.130130
 0.197197  0.262262  0.146146  0.393393
 0.174174  0.275275  0.271271  0.279279
 0.525526  0.104104  0.101101  0.269269
 0.156156  0.290290  0.455455  0.097097
 0.249249  0.381381  0.201201  0.168168
 0.336336  0.172172  0.229229  0.261261
URL http://jaspar.genereg.net/matrix/MA0383.1

MOTIF MA0384.1 SNT2
letter-probability matrix: alength= 4 w= 11 nsites= 3219 E= 0
 0.000000  0.027648  0.097235  0.875116
 0.000000  0.000000  0.974216  0.000000
 0.436471  0.083566  0.534638  0.000000
 0.000000  0.000000  0.000000  0.974216
 0.969245  0.000000  0.010873  0.000000
 0.002175  0.000000  0.972352  0.000000
 0.000000  0.974216  0.000000  0.000000
 0.000000  0.000000  0.974216  0.000000
 0.002485  0.954334  0.023299  0.000000
 0.052190  0.922336  0.000000  0.000000
 0.293259  0.071761  0.517552  0.182976
URL http://jaspar.genereg.net/matrix/MA0384.1

MOTIF MA0385.1 SOK2
letter-probability matrix: alength= 4 w= 11 nsites= 101 E= 0
 0.495050  0.188119  0.158416  0.158416
 0.148515  0.485149  0.178218  0.178218
 0.405941  0.465347  0.089109  0.029703
 0.039604  0.009901  0.039604  0.900990
 0.039604  0.009901  0.930693  0.009901
 0.039604  0.900990  0.009901  0.039604
 0.960396  0.009901  0.009901  0.009901
 0.049505  0.049505  0.495050  0.396040
 0.168317  0.207921  0.514851  0.099010
 0.277228  0.316832  0.217822  0.178218
 0.297030  0.227723  0.227723  0.227723
URL http://jaspar.genereg.net/matrix/MA0385.1

MOTIF MA0386.1 SPT15
letter-probability matrix: alength= 4 w= 21 nsites= 997 E= 0
 0.277834  0.250752  0.387161  0.084253
 0.338014  0.191575  0.147442  0.323972
 0.253761  0.346038  0.088265  0.313942
 0.160481  0.200602  0.154463  0.485456
 0.546640  0.139418  0.154463  0.160481
 0.115346  0.098295  0.703109  0.084253
 0.287864  0.198596  0.266800  0.247743
 0.332999  0.110331  0.027081  0.530592
 0.909729  0.007021  0.025075  0.059178
 0.012036  0.007021  0.023069  0.957874
 0.983952  0.002006  0.004012  0.012036
 0.038114  0.001003  0.005015  0.956871
 0.972919  0.002006  0.006018  0.020060
 0.044132  0.004012  0.003009  0.949850
 0.885657  0.010030  0.024072  0.081244
 0.186560  0.062187  0.094283  0.658977
 0.264794  0.122367  0.129388  0.484453
 0.137412  0.381143  0.370110  0.112337
 0.266800  0.228686  0.385155  0.121364
 0.351053  0.176530  0.172518  0.301906
 0.248746  0.193581  0.270812  0.286861
URL http://jaspar.genereg.net/matrix/MA0386.1

MOTIF MA0387.1 SPT2
letter-probability matrix: alength= 4 w= 10 nsites= 157 E= 0
 0.617834  0.000000  0.019108  0.363057
 0.420382  0.280255  0.076433  0.369427
 0.000000  0.000000  0.000000  1.025478
 0.025478  0.000000  0.000000  0.968153
 0.828025  0.000000  0.343949  0.000000
 0.764331  0.146497  0.292994  0.000000
 0.528662  0.420382  0.382166  0.012739
 0.000000  0.000000  0.668790  0.649682
 1.025478  0.000000  0.000000  0.000000
 0.777070  0.000000  0.439490  0.000000
URL http://jaspar.genereg.net/matrix/MA0387.1

MOTIF MA0388.1 SPT23
letter-probability matrix: alength= 4 w= 8 nsites= 214 E= 0
 0.443925  0.000000  0.556075  0.000000
 0.747664  0.000000  0.000000  0.000000
 0.668224  0.000000  0.102804  0.009346
 0.626168  0.000000  0.000000  0.107477
 0.004673  0.168224  0.000000  0.630841
 0.000000  0.644860  0.313084  0.214953
 0.504673  0.172897  0.084112  0.074766
 0.733645  0.000000  0.028037  0.000000
URL http://jaspar.genereg.net/matrix/MA0388.1

MOTIF MA0389.1 SRD1
letter-probability matrix: alength= 4 w= 8 nsites= 100 E= 0
 0.660000  0.090000  0.190000  0.060000
 0.060000  0.020000  0.900000  0.020000
 0.970000  0.000000  0.000000  0.030000
 0.130000  0.000000  0.020000  0.850000
 0.000000  0.990000  0.000000  0.000000
 0.040000  0.190000  0.030000  0.740000
 0.460000  0.300000  0.130000  0.110000
 0.240000  0.420000  0.180000  0.160000
URL http://jaspar.genereg.net/matrix/MA0389.1

MOTIF MA0390.1 STB3
letter-probability matrix: alength= 4 w= 21 nsites= 997 E= 0
 0.098295  0.168506  0.547643  0.185557
 0.166499  0.173521  0.202608  0.458375
 0.182548  0.416249  0.057172  0.344032
 0.194584  0.380140  0.107322  0.318957
 0.508526  0.059178  0.189569  0.243731
 0.548646  0.120361  0.151454  0.181545
 0.778335  0.035105  0.071214  0.116349
 0.500502  0.027081  0.033099  0.441324
 0.099298  0.011033  0.002006  0.888666
 0.053159  0.005015  0.001003  0.941825
 0.010030  0.004012  0.002006  0.984955
 0.013039  0.000000  0.015045  0.972919
 0.000000  0.064193  0.020060  0.917753
 0.003009  0.992979  0.002006  0.004012
 0.967904  0.007021  0.025075  0.002006
 0.150451  0.588766  0.084253  0.177533
 0.129388  0.120361  0.137412  0.614845
 0.166499  0.326981  0.200602  0.306921
 0.308927  0.253761  0.125376  0.312939
 0.233701  0.170512  0.315948  0.280843
 0.226680  0.182548  0.296891  0.293882
URL http://jaspar.genereg.net/matrix/MA0390.1

MOTIF MA0391.1 STB4
letter-probability matrix: alength= 4 w= 7 nsites= 100 E= 0
 0.090000  0.430000  0.090000  0.390000
 0.000000  0.000000  0.000000  1.000000
 0.000000  1.000000  0.000000  0.000000
 0.000000  0.000000  1.000000  0.000000
 0.000000  0.000000  1.000000  0.000000
 1.000000  0.000000  0.000000  0.000000
 0.750000  0.010000  0.010000  0.230000
URL http://jaspar.genereg.net/matrix/MA0391.1

MOTIF MA0392.1 STB5
letter-probability matrix: alength= 4 w= 8 nsites= 99 E= 0
 0.000000  1.000000  0.000000  0.000000
 0.000000  0.000000  1.000000  0.000000
 0.000000  0.000000  1.000000  0.000000
 0.232323  0.191919  0.262626  0.323232
 0.232323  0.232323  0.474747  0.080808
 0.191919  0.252525  0.121212  0.454545
 0.060606  0.121212  0.060606  0.767677
 0.969697  0.010101  0.010101  0.010101
URL http://jaspar.genereg.net/matrix/MA0392.1

MOTIF MA0393.1 STE12
letter-probability matrix: alength= 4 w= 7 nsites= 28379 E= 0
 0.000000  0.114909  0.003383  0.881708
 0.151415  0.000000  0.850523  0.006977
 0.955707  0.000000  0.045033  0.000000
 0.891152  0.005885  0.095246  0.000000
 0.982663  0.000000  0.000000  0.000000
 0.003453  0.978858  0.000000  0.003418
 0.539166  0.105782  0.330773  0.080165
URL http://jaspar.genereg.net/matrix/MA0393.1

MOTIF MA0394.1 STP1
letter-probability matrix: alength= 4 w= 8 nsites= 206 E= 0
 0.019417  0.398058  0.160194  0.422330
 0.237864  0.000000  0.932039  0.000000
 0.000000  1.354369  0.000000  0.000000
 0.000000  0.000000  1.291262  0.019417
 0.058252  0.000000  1.237864  0.000000
 0.000000  1.354369  0.000000  0.000000
 0.019417  0.000000  0.577670  0.422330
 0.019417  0.456311  0.339806  0.276699
URL http://jaspar.genereg.net/matrix/MA0394.1

MOTIF MA0395.1 STP2
letter-probability matrix: alength= 4 w= 20 nsites= 998 E= 0
 0.180361  0.258517  0.175351  0.385772
 0.288577  0.242485  0.293587  0.174349
 0.438878  0.193387  0.211423  0.157315
 0.276553  0.209419  0.176353  0.336673
 0.126253  0.405812  0.143287  0.325651
 0.238477  0.111222  0.568136  0.081162
 0.113226  0.011022  0.830661  0.045090
 0.034068  0.648297  0.005010  0.312625
 0.002004  0.005010  0.988978  0.004008
 0.000000  0.850701  0.148297  0.001002
 0.001002  0.867735  0.128257  0.003006
 0.008016  0.013026  0.949900  0.029058
 0.014028  0.521042  0.004008  0.460922
 0.619238  0.012024  0.338677  0.030060
 0.086172  0.433868  0.139279  0.341683
 0.218437  0.312625  0.359719  0.109218
 0.326653  0.240481  0.205411  0.227455
 0.231463  0.427856  0.161323  0.179359
 0.158317  0.237475  0.344689  0.259519
 0.342685  0.265531  0.122244  0.268537
URL http://jaspar.genereg.net/matrix/MA0395.1

MOTIF MA0396.1 STP3
letter-probability matrix: alength= 4 w= 9 nsites= 100 E= 0
 0.250000  0.090000  0.480000  0.180000
 0.180000  0.420000  0.210000  0.190000
 0.000000  0.000000  0.000000  1.000000
 1.000000  0.000000  0.000000  0.000000
 0.000000  0.000000  1.000000  0.000000
 0.000000  1.000000  0.000000  0.000000
 0.000000  0.000000  1.000000  0.000000
 0.000000  0.640000  0.180000  0.180000
 0.450000  0.170000  0.190000  0.200000
URL http://jaspar.genereg.net/matrix/MA0396.1

MOTIF MA0397.1 STP4
letter-probability matrix: alength= 4 w= 9 nsites= 101 E= 0
 0.188119  0.108911  0.554455  0.148515
 0.396040  0.277228  0.237624  0.069307
 0.000000  0.000000  0.000000  0.990099
 0.990099  0.000000  0.000000  0.000000
 0.000000  0.000000  0.990099  0.000000
 0.000000  0.990099  0.000000  0.000000
 0.000000  0.000000  0.990099  0.000000
 0.000000  0.722772  0.168317  0.099010
 0.534653  0.148515  0.158416  0.148515
URL http://jaspar.genereg.net/matrix/MA0397.1

MOTIF MA0398.1 SUM1
letter-probability matrix: alength= 4 w= 9 nsites= 100 E= 0
 0.500000  0.140000  0.140000  0.220000
 0.520000  0.080000  0.080000  0.320000
 0.620000  0.020000  0.020000  0.340000
 1.000000  0.000000  0.000000  0.000000
 0.000000  0.000000  0.000000  1.000000
 0.080000  0.000000  0.000000  0.920000
 0.240000  0.000000  0.000000  0.760000
 0.280000  0.050000  0.050000  0.610000
 0.150000  0.150000  0.110000  0.590000
URL http://jaspar.genereg.net/matrix/MA0398.1

MOTIF MA0399.1 SUT1
letter-probability matrix: alength= 4 w= 7 nsites= 230 E= 0
 0.100000  0.617391  0.156522  0.126087
 0.208696  0.021739  0.804348  0.000000
 0.000000  1.156522  0.000000  0.000000
 0.034783  0.265217  0.817391  0.004348
 0.000000  0.200000  0.982609  0.000000
 0.213043  0.152174  0.656522  0.000000
 0.191304  0.060870  0.739130  0.017391
URL http://jaspar.genereg.net/matrix/MA0399.1

MOTIF MA0400.1 SUT2
letter-probability matrix: alength= 4 w= 20 nsites= 998 E= 0
 0.333667  0.232465  0.112224  0.321643
 0.225451  0.206413  0.264529  0.303607
 0.269539  0.218437  0.277555  0.233467
 0.354709  0.200401  0.100200  0.345691
 0.248497  0.216433  0.153307  0.381764
 0.523046  0.085170  0.287575  0.104208
 0.941884  0.006012  0.012024  0.040080
 0.972946  0.000000  0.011022  0.016032
 0.000000  0.710421  0.287575  0.002004
 0.001002  0.016032  0.000000  0.982966
 0.002004  0.993988  0.001002  0.002004
 0.001002  0.985972  0.012024  0.001002
 0.002004  0.001002  0.994990  0.002004
 0.790581  0.016032  0.168337  0.024048
 0.524048  0.080160  0.257515  0.137275
 0.375752  0.252505  0.154309  0.217435
 0.338677  0.214429  0.168337  0.279559
 0.279559  0.204409  0.209419  0.306613
 0.163327  0.253507  0.252505  0.330661
 0.281563  0.136273  0.244489  0.338677
URL http://jaspar.genereg.net/matrix/MA0400.1

MOTIF MA0401.1 SWI4
letter-probability matrix: alength= 4 w= 8 nsites= 100 E= 0
 0.620000  0.080000  0.150000  0.150000
 0.000000  1.000000  0.000000  0.000000
 0.150000  0.000000  0.850000  0.000000
 0.000000  1.000000  0.000000  0.000000
 0.000000  0.000000  1.000000  0.000000
 1.000000  0.000000  0.000000  0.000000
 0.940000  0.020000  0.020000  0.020000
 0.620000  0.080000  0.080000  0.230000
URL http://jaspar.genereg.net/matrix/MA0401.1

MOTIF MA0402.1 SWI5
letter-probability matrix: alength= 4 w= 8 nsites= 101 E= 0
 0.079208  0.079208  0.227723  0.613861
 0.000000  0.000000  0.990099  0.000000
 0.000000  0.990099  0.000000  0.000000
 0.000000  0.000000  0.000000  0.990099
 0.000000  0.000000  0.990099  0.000000
 0.000000  0.000000  0.990099  0.000000
 0.039604  0.039604  0.267327  0.643564
 0.247525  0.247525  0.099010  0.396040
URL http://jaspar.genereg.net/matrix/MA0402.1

MOTIF MA0403.1 TBF1
letter-probability matrix: alength= 4 w= 8 nsites= 100 E= 0
 0.610000  0.110000  0.120000  0.160000
 0.460000  0.110000  0.350000  0.080000
 0.150000  0.840000  0.010000  0.010000
 0.000000  1.000000  0.000000  0.000000
 0.000000  1.000000  0.000000  0.000000
 0.000000  0.010000  0.000000  0.990000
 0.750000  0.080000  0.110000  0.050000
 0.380000  0.190000  0.270000  0.170000
URL http://jaspar.genereg.net/matrix/MA0403.1

MOTIF MA0404.1 TBS1
letter-probability matrix: alength= 4 w= 8 nsites= 100 E= 0
 0.120000  0.780000  0.050000  0.050000
 0.030000  0.030000  0.900000  0.030000
 0.020000  0.020000  0.950000  0.020000
 0.750000  0.080000  0.080000  0.080000
 0.200000  0.130000  0.130000  0.530000
 0.000000  1.000000  0.000000  0.000000
 0.000000  1.000000  0.000000  0.000000
 0.080000  0.080000  0.750000  0.080000
URL http://jaspar.genereg.net/matrix/MA0404.1

MOTIF MA0405.1 TEA1
letter-probability matrix: alength= 4 w= 8 nsites= 100 E= 0
 0.050000  0.050000  0.750000  0.150000
 0.000000  1.000000  0.000000  0.000000
 0.000000  0.000000  1.000000  0.000000
 0.000000  0.400000  0.600000  0.000000
 0.500000  0.000000  0.500000  0.000000
 0.000000  0.800000  0.200000  0.000000
 0.600000  0.000000  0.100000  0.300000
 0.150000  0.200000  0.050000  0.600000
URL http://jaspar.genereg.net/matrix/MA0405.1

MOTIF MA0406.1 TEC1
letter-probability matrix: alength= 4 w= 8 nsites= 100 E= 0
 0.520000  0.070000  0.340000  0.070000
 0.000000  0.950000  0.050000  0.000000
 1.000000  0.000000  0.000000  0.000000
 0.050000  0.000000  0.000000  0.950000
 0.000000  0.000000  0.000000  1.000000
 0.000000  0.910000  0.090000  0.000000
 0.000000  0.680000  0.000000  0.320000
 0.100000  0.470000  0.150000  0.280000
URL http://jaspar.genereg.net/matrix/MA0406.1

MOTIF MA0407.1 THI2
letter-probability matrix: alength= 4 w= 15 nsites= 1265 E= 0
 0.081423  0.000000  0.918577  0.000000
 0.000000  0.000000  1.000000  0.000000
 0.537549  0.452964  0.000000  0.048221
 1.000000  0.000000  0.000000  0.000000
 1.000000  0.000000  0.000000  0.000000
 0.000000  0.809486  0.000000  0.190514
 0.000000  0.429249  0.000000  0.636364
 0.056126  0.473518  0.451383  0.071146
 0.346245  0.000000  0.000000  0.652964
 0.728063  0.000000  0.000000  0.271937
 1.000000  0.000000  0.000000  0.000000
 0.000000  0.000000  1.000000  0.000000
 1.000000  0.000000  0.000000  0.000000
 0.642688  0.000000  0.356522  0.000000
 0.101976  0.844269  0.070356  0.000000
URL http://jaspar.genereg.net/matrix/MA0407.1

MOTIF MA0408.1 TOS8
letter-probability matrix: alength= 4 w= 8 nsites= 100 E= 0
 0.280000  0.470000  0.200000  0.050000
 0.010000  0.160000  0.010000  0.820000
 0.000000  0.000000  1.000000  0.000000
 0.000000  0.000000  0.000000  1.000000
 0.000000  1.000000  0.000000  0.000000
 1.000000  0.000000  0.000000  0.000000
 0.640000  0.070000  0.070000  0.220000
 0.500000  0.150000  0.150000  0.190000
URL http://jaspar.genereg.net/matrix/MA0408.1

MOTIF MA0409.1 TYE7
letter-probability matrix: alength= 4 w= 7 nsites= 102 E= 0
 0.029412  0.911765  0.029412  0.029412
 0.980392  0.000000  0.000000  0.000000
 0.000000  0.980392  0.000000  0.000000
 0.000000  0.098039  0.882353  0.000000
 0.000000  0.000000  0.000000  0.980392
 0.000000  0.000000  0.980392  0.000000
 0.764706  0.078431  0.078431  0.078431
URL http://jaspar.genereg.net/matrix/MA0409.1

MOTIF MA0410.1 UGA3
letter-probability matrix: alength= 4 w= 8 nsites= 100 E= 0
 0.100000  0.440000  0.270000  0.190000
 0.040000  0.280000  0.630000  0.040000
 0.000000  0.000000  1.000000  0.000000
 0.000000  1.000000  0.000000  0.000000
 0.000000  0.000000  1.000000  0.000000
 0.000000  0.000000  1.000000  0.000000
 0.020000  0.270000  0.690000  0.020000
 0.850000  0.020000  0.020000  0.100000
URL http://jaspar.genereg.net/matrix/MA0410.1

MOTIF MA0411.1 UPC2
letter-probability matrix: alength= 4 w= 7 nsites= 100 E= 0
 0.160000  0.250000  0.190000  0.400000
 0.590000  0.030000  0.280000  0.090000
 0.380000  0.000000  0.000000  0.620000
 1.000000  0.000000  0.000000  0.000000
 0.000000  1.000000  0.000000  0.000000
 0.010000  0.000000  0.990000  0.000000
 0.830000  0.050000  0.090000  0.040000
URL http://jaspar.genereg.net/matrix/MA0411.1

MOTIF MA0412.1 UME6
letter-probability matrix: alength= 4 w= 13 nsites= 18 E= 0
 0.111111  0.000000  0.000000  0.888889
 0.000000  0.555556  0.277778  0.166667
 0.111111  0.000000  0.888889  0.000000
 0.000000  0.000000  1.000000  0.000000
 0.000000  1.000000  0.000000  0.000000
 0.000000  0.000000  1.000000  0.000000
 0.000000  0.000000  1.000000  0.000000
 0.000000  0.944444  0.000000  0.055556
 0.055556  0.000000  0.000000  0.944444
 1.000000  0.000000  0.000000  0.000000
 0.555556  0.055556  0.000000  0.388889
 0.388889  0.111111  0.055556  0.444444
 0.111111  0.000000  0.055556  0.833333
URL http://jaspar.genereg.net/matrix/MA0412.1

MOTIF MA0413.1 USV1
letter-probability matrix: alength= 4 w= 20 nsites= 997 E= 0
 0.269809  0.223671  0.250752  0.255767
 0.306921  0.182548  0.216650  0.294885
 0.343029  0.168506  0.206620  0.283852
 0.131394  0.193581  0.146439  0.529589
 0.133400  0.055165  0.157472  0.653962
 0.318957  0.552658  0.101304  0.028084
 0.001003  0.969910  0.026078  0.003009
 0.000000  0.979940  0.000000  0.020060
 0.003009  0.995988  0.001003  0.001003
 0.001003  0.983952  0.000000  0.016048
 0.000000  0.006018  0.003009  0.991976
 0.000000  0.002006  0.871615  0.126379
 0.958877  0.000000  0.036108  0.005015
 0.852558  0.092277  0.021063  0.035105
 0.174524  0.257773  0.162487  0.406219
 0.233701  0.235707  0.093280  0.439318
 0.212638  0.191575  0.197593  0.400201
 0.181545  0.185557  0.321966  0.311936
 0.205617  0.100301  0.265797  0.429288
 0.219659  0.297894  0.366098  0.116349
URL http://jaspar.genereg.net/matrix/MA0413.1

MOTIF MA0414.1 XBP1
letter-probability matrix: alength= 4 w= 7 nsites= 101 E= 0
 0.118812  0.504950  0.069307  0.306931
 0.000000  0.000000  0.000000  0.990099
 0.000000  0.990099  0.000000  0.000000
 0.000000  0.000000  0.990099  0.000000
 0.990099  0.000000  0.000000  0.000000
 0.396040  0.079208  0.495050  0.029703
 0.306931  0.217822  0.306931  0.148515
URL http://jaspar.genereg.net/matrix/MA0414.1

MOTIF MA0415.1 YAP1
letter-probability matrix: alength= 4 w= 20 nsites= 999 E= 0
 0.297297  0.261261  0.211211  0.230230
 0.143143  0.225225  0.313313  0.318318
 0.148148  0.128128  0.305305  0.418418
 0.240240  0.121121  0.201201  0.436436
 0.212212  0.210210  0.327327  0.249249
 0.397397  0.528529  0.050050  0.023023
 0.005005  0.003003  0.008008  0.981982
 0.008008  0.013013  0.006006  0.971972
 0.976977  0.003003  0.009009  0.010010
 0.001001  0.900901  0.036036  0.060060
 0.060060  0.036036  0.900901  0.001001
 0.010010  0.009009  0.003003  0.976977
 0.971972  0.006006  0.013013  0.008008
 0.981982  0.008008  0.003003  0.005005
 0.035035  0.028028  0.516517  0.418418
 0.320320  0.332332  0.228228  0.118118
 0.182182  0.273273  0.154154  0.390390
 0.247247  0.308308  0.204204  0.239239
 0.248248  0.254254  0.309309  0.187187
 0.199199  0.195195  0.177177  0.426426
URL http://jaspar.genereg.net/matrix/MA0415.1

MOTIF MA0416.1 YAP3
letter-probability matrix: alength= 4 w= 8 nsites= 100 E= 0
 0.650000  0.190000  0.120000  0.040000
 0.000000  0.000000  0.000000  1.000000
 0.000000  0.000000  0.000000  1.000000
 1.000000  0.000000  0.000000  0.000000
 0.000000  1.000000  0.000000  0.000000
 0.000000  0.000000  1.000000  0.000000
 0.020000  0.020000  0.020000  0.940000
 0.500000  0.120000  0.190000  0.190000
URL http://jaspar.genereg.net/matrix/MA0416.1

MOTIF MA0417.1 YAP5
letter-probability matrix: alength= 4 w= 6 nsites= 156 E= 0
 0.782051  0.000000  0.000000  0.217949
 0.794872  0.000000  0.429487  0.000000
 0.551282  0.000000  0.871795  0.000000
 0.000000  1.692308  0.000000  0.108974
 1.032051  0.000000  0.000000  0.000000
 0.121795  0.000000  0.000000  0.878205
URL http://jaspar.genereg.net/matrix/MA0417.1

MOTIF MA0418.1 YAP6
letter-probability matrix: alength= 4 w= 20 nsites= 998 E= 0
 0.174349  0.297595  0.371743  0.156313
 0.228457  0.141283  0.588176  0.041082
 0.134269  0.092184  0.332665  0.440882
 0.114228  0.434870  0.109218  0.342685
 0.252505  0.231463  0.072144  0.444890
 0.043086  0.114228  0.647295  0.195391
 0.491984  0.412826  0.036072  0.058116
 0.027054  0.023046  0.056112  0.893788
 0.025050  0.021042  0.112224  0.841683
 0.890782  0.032064  0.049098  0.028056
 0.038076  0.556112  0.103206  0.302605
 0.172345  0.048096  0.723447  0.056112
 0.067134  0.085170  0.037074  0.810621
 0.648297  0.193387  0.064128  0.095190
 0.830661  0.062124  0.072144  0.034068
 0.162325  0.076152  0.481964  0.278557
 0.228457  0.474950  0.142285  0.155311
 0.337675  0.085170  0.428858  0.148297
 0.430862  0.127255  0.302605  0.139279
 0.166333  0.439880  0.243487  0.150301
URL http://jaspar.genereg.net/matrix/MA0418.1

MOTIF MA0419.1 YAP7
letter-probability matrix: alength= 4 w= 11 nsites= 10841 E= 0
 0.663684  0.238170  0.017987  0.080159
 0.017987  0.000000  0.000000  0.960244
 0.000000  0.000000  0.196661  0.772530
 0.938290  0.009040  0.008948  0.015866
 0.116225  0.107739  0.768656  0.000000
 0.000000  0.008948  0.000000  0.962642
 0.717738  0.233004  0.018264  0.000000
 0.969191  0.000000  0.000000  0.000000
 0.009040  0.000000  0.582142  0.398764
 0.207176  0.715709  0.046951  0.036344
 0.609353  0.103865  0.213357  0.113366
URL http://jaspar.genereg.net/matrix/MA0419.1

MOTIF MA0420.1 ERT1
letter-probability matrix: alength= 4 w= 8 nsites= 99 E= 0
 0.515152  0.101010  0.222222  0.161616
 0.060606  0.474747  0.060606  0.414141
 0.000000  1.010101  0.000000  0.000000
 0.000000  0.000000  1.010101  0.000000
 0.000000  0.000000  1.010101  0.000000
 1.010101  0.000000  0.000000  0.000000
 1.010101  0.000000  0.000000  0.000000
 0.040404  0.636364  0.040404  0.282828
URL http://jaspar.genereg.net/matrix/MA0420.1

MOTIF MA0421.1 NSI1
letter-probability matrix: alength= 4 w= 10 nsites= 1905 E= 0
 0.091339  0.000000  0.143832  0.764829
 0.000000  0.000000  0.020997  0.953806
 0.000000  0.054068  0.000000  0.936483
 0.961680  0.000000  0.000000  0.000000
 0.000000  0.961680  0.000000  0.000000
 0.000000  0.961680  0.000000  0.000000
 0.061942  0.912861  0.000000  0.000000
 0.000000  0.000000  0.961680  0.000000
 0.025722  0.000000  0.936483  0.000000
 0.408924  0.441470  0.061417  0.152756
URL http://jaspar.genereg.net/matrix/MA0421.1

MOTIF MA0422.1 URC2
letter-probability matrix: alength= 4 w= 10 nsites= 101 E= 0
 0.247525  0.376238  0.108911  0.267327
 0.000000  0.990099  0.000000  0.000000
 0.000000  0.000000  0.990099  0.000000
 0.000000  0.000000  0.990099  0.000000
 0.732673  0.089109  0.168317  0.000000
 0.227723  0.168317  0.455446  0.138614
 0.554455  0.000000  0.000000  0.425743
 0.138614  0.000000  0.000000  0.841584
 0.930693  0.059406  0.000000  0.000000
 0.356436  0.168317  0.148515  0.316832
URL http://jaspar.genereg.net/matrix/MA0422.1

MOTIF MA0423.1 YER130C
letter-probability matrix: alength= 4 w= 9 nsites= 99 E= 0
 0.353535  0.282828  0.232323  0.131313
 0.000000  0.979798  0.010101  0.020202
 0.000000  0.919192  0.000000  0.090909
 0.000000  1.010101  0.000000  0.000000
 0.000000  1.010101  0.000000  0.000000
 0.000000  0.000000  0.000000  1.010101
 0.606061  0.000000  0.080808  0.323232
 0.212121  0.000000  0.040404  0.757576
 0.323232  0.282828  0.050505  0.343434
URL http://jaspar.genereg.net/matrix/MA0423.1

MOTIF MA0424.1 YER184C
letter-probability matrix: alength= 4 w= 8 nsites= 99 E= 0
 0.282828  0.373737  0.060606  0.282828
 0.020202  0.171717  0.101010  0.717172
 0.000000  0.777778  0.151515  0.080808
 0.000000  1.010101  0.000000  0.000000
 0.000000  0.000000  1.010101  0.000000
 0.000000  0.000000  1.010101  0.000000
 0.696970  0.313131  0.000000  0.000000
 0.464646  0.151515  0.232323  0.151515
URL http://jaspar.genereg.net/matrix/MA0424.1

MOTIF MA0425.1 YGR067C
letter-probability matrix: alength= 4 w= 14 nsites= 101 E= 0
 0.356436  0.237624  0.267327  0.138614
 0.000000  0.990099  0.000000  0.000000
 0.000000  0.980198  0.000000  0.009901
 0.000000  0.990099  0.000000  0.000000
 0.009901  0.980198  0.000000  0.000000
 0.405941  0.000000  0.306931  0.277228
 0.000000  0.970297  0.009901  0.009901
 0.267327  0.257426  0.168317  0.306931
 0.227723  0.257426  0.198020  0.306931
 0.237624  0.257426  0.198020  0.297030
 0.247525  0.237624  0.247525  0.257426
 0.247525  0.217822  0.257426  0.267327
 0.217822  0.257426  0.257426  0.257426
 0.257426  0.237624  0.257426  0.247525
URL http://jaspar.genereg.net/matrix/MA0425.1

MOTIF MA0426.1 YHP1
letter-probability matrix: alength= 4 w= 6 nsites= 203 E= 0
 0.000000  0.000000  0.000000  1.000000
 1.000000  0.000000  0.000000  0.000000
 1.000000  0.000000  0.000000  0.000000
 0.000000  0.000000  0.000000  1.000000
 0.000000  0.000000  0.000000  1.000000
 0.000000  0.000000  1.000000  0.000000
URL http://jaspar.genereg.net/matrix/MA0426.1

MOTIF MA0428.1 YKL222C
letter-probability matrix: alength= 4 w= 9 nsites= 101 E= 0
 0.475248  0.227723  0.148515  0.148515
 0.683168  0.099010  0.188119  0.019802
 0.000000  0.990099  0.000000  0.000000
 0.000000  0.000000  0.990099  0.000000
 0.000000  0.000000  0.990099  0.000000
 0.910891  0.000000  0.079208  0.000000
 0.514851  0.019802  0.435644  0.019802
 0.643564  0.059406  0.059406  0.227723
 0.099010  0.099010  0.099010  0.683168
URL http://jaspar.genereg.net/matrix/MA0428.1

MOTIF MA0429.1 YLL054C
letter-probability matrix: alength= 4 w= 7 nsites= 100 E= 0
 0.000000  1.000000  0.000000  0.000000
 0.000000  0.000000  1.000000  0.000000
 0.000000  0.000000  1.000000  0.000000
 0.210000  0.640000  0.140000  0.000000
 0.090000  0.660000  0.160000  0.090000
 0.130000  0.050000  0.770000  0.050000
 0.560000  0.140000  0.070000  0.210000
URL http://jaspar.genereg.net/matrix/MA0429.1

MOTIF MA0430.1 YLR278C
letter-probability matrix: alength= 4 w= 8 nsites= 99 E= 0
 0.131313  0.424242  0.131313  0.313131
 0.000000  1.010101  0.000000  0.000000
 0.000000  0.000000  1.010101  0.000000
 0.000000  0.000000  1.010101  0.000000
 0.969697  0.000000  0.040404  0.000000
 0.040404  0.141414  0.828283  0.000000
 0.232323  0.020202  0.050505  0.707071
 0.272727  0.050505  0.050505  0.636364
URL http://jaspar.genereg.net/matrix/MA0430.1

MOTIF MA0431.1 TDA9
letter-probability matrix: alength= 4 w= 9 nsites= 100 E= 0
 0.320000  0.240000  0.230000  0.210000
 0.000000  1.000000  0.000000  0.000000
 0.000000  1.000000  0.000000  0.000000
 0.000000  1.000000  0.000000  0.000000
 0.000000  1.000000  0.000000  0.000000
 0.300000  0.000000  0.360000  0.340000
 0.000000  1.000000  0.000000  0.000000
 0.440000  0.160000  0.030000  0.380000
 0.190000  0.350000  0.150000  0.310000
URL http://jaspar.genereg.net/matrix/MA0431.1

MOTIF MA0432.1 YNR063W
letter-probability matrix: alength= 4 w= 8 nsites= 102 E= 0
 0.078431  0.078431  0.176471  0.666667
 0.000000  0.980392  0.000000  0.000000
 0.000000  0.000000  0.980392  0.000000
 0.000000  0.000000  0.980392  0.000000
 0.980392  0.000000  0.000000  0.000000
 0.098039  0.000000  0.784314  0.098039
 0.882353  0.000000  0.000000  0.098039
 0.323529  0.029412  0.029412  0.617647
URL http://jaspar.genereg.net/matrix/MA0432.1

MOTIF MA0433.1 YOX1
letter-probability matrix: alength= 4 w= 8 nsites= 99 E= 0
 0.010101  0.252525  0.070707  0.666667
 0.000000  0.000000  0.000000  1.010101
 1.010101  0.000000  0.000000  0.000000
 1.010101  0.000000  0.000000  0.000000
 0.000000  0.000000  0.000000  1.010101
 0.000000  0.000000  0.000000  1.010101
 0.626263  0.030303  0.151515  0.212121
 0.545455  0.131313  0.131313  0.191919
URL http://jaspar.genereg.net/matrix/MA0433.1

MOTIF MA0434.1 YPR013C
letter-probability matrix: alength= 4 w= 9 nsites= 99 E= 0
 0.111111  0.363636  0.111111  0.414141
 0.000000  0.000000  1.010101  0.000000
 0.090909  0.262626  0.000000  0.656566
 0.636364  0.262626  0.000000  0.111111
 0.404040  0.000000  0.606061  0.000000
 1.010101  0.000000  0.000000  0.000000
 0.000000  0.000000  0.000000  1.010101
 0.000000  1.010101  0.000000  0.000000
 0.363636  0.303030  0.171717  0.171717
URL http://jaspar.genereg.net/matrix/MA0434.1

MOTIF MA0435.1 YPR015C
letter-probability matrix: alength= 4 w= 20 nsites= 998 E= 0
 0.075150  0.242485  0.144289  0.538076
 0.158317  0.204409  0.341683  0.295591
 0.382766  0.170341  0.173347  0.274549
 0.376754  0.240481  0.137275  0.245491
 0.274549  0.050100  0.462926  0.212425
 0.553106  0.169339  0.240481  0.037074
 0.016032  0.748497  0.017034  0.218437
 0.004008  0.004008  0.989980  0.002004
 0.002004  0.016032  0.003006  0.979960
 0.984970  0.007014  0.003006  0.005010
 0.885772  0.001002  0.109218  0.004008
 0.987976  0.002004  0.004008  0.006012
 0.005010  0.002004  0.002004  0.990982
 0.004008  0.984970  0.001002  0.009018
 0.326653  0.576152  0.055110  0.043086
 0.086172  0.221443  0.077154  0.614228
 0.258517  0.190381  0.196393  0.354709
 0.450902  0.110220  0.173347  0.266533
 0.281563  0.396794  0.062124  0.260521
 0.333667  0.330661  0.068136  0.266533
URL http://jaspar.genereg.net/matrix/MA0435.1

MOTIF MA0436.1 YPR022C
letter-probability matrix: alength= 4 w= 7 nsites= 101 E= 0
 0.148515  0.653465  0.000000  0.198020
 0.000000  0.990099  0.000000  0.000000
 0.000000  0.990099  0.000000  0.000000
 0.000000  0.990099  0.000000  0.000000
 0.990099  0.000000  0.000000  0.000000
 0.000000  0.990099  0.000000  0.000000
 0.227723  0.257426  0.336634  0.178218
URL http://jaspar.genereg.net/matrix/MA0436.1

MOTIF MA0437.1 YPR196W
letter-probability matrix: alength= 4 w= 9 nsites= 100 E= 0
 0.610000  0.000000  0.260000  0.130000
 0.320000  0.000000  0.000000  0.680000
 0.170000  0.000000  0.000000  0.830000
 0.240000  0.040000  0.020000  0.690000
 0.170000  0.440000  0.110000  0.280000
 0.120000  0.320000  0.070000  0.490000
 0.000000  0.930000  0.070000  0.000000
 0.000000  1.000000  0.000000  0.000000
 0.030000  0.000000  0.930000  0.050000
URL http://jaspar.genereg.net/matrix/MA0437.1

MOTIF MA0438.1 YRM1
letter-probability matrix: alength= 4 w= 8 nsites= 100 E= 0
 0.510000  0.150000  0.230000  0.110000
 0.020000  0.940000  0.020000  0.020000
 0.000000  0.000000  1.000000  0.000000
 0.000000  0.000000  1.000000  0.000000
 1.000000  0.000000  0.000000  0.000000
 0.600000  0.120000  0.160000  0.120000
 0.930000  0.010000  0.010000  0.050000
 0.120000  0.080000  0.040000  0.760000
URL http://jaspar.genereg.net/matrix/MA0438.1

MOTIF MA0439.1 YRR1
letter-probability matrix: alength= 4 w= 11 nsites= 100 E= 0
 0.210000  0.420000  0.220000  0.150000
 0.160000  0.160000  0.100000  0.570000
 0.220000  0.080000  0.040000  0.660000
 0.890000  0.010000  0.020000  0.080000
 0.190000  0.090000  0.040000  0.680000
 0.280000  0.330000  0.080000  0.320000
 0.040000  0.220000  0.070000  0.680000
 0.000000  1.000000  0.000000  0.000000
 0.000000  1.000000  0.000000  0.000000
 0.030000  0.000000  0.950000  0.020000
 0.060000  0.410000  0.140000  0.390000
URL http://jaspar.genereg.net/matrix/MA0439.1

MOTIF MA0440.1 ZAP1
letter-probability matrix: alength= 4 w= 15 nsites= 169 E= 0
 1.000000  0.000000  0.000000  0.000000
 0.000000  1.650888  0.000000  0.000000
 0.000000  1.650888  0.000000  0.000000
 0.000000  0.573964  0.000000  0.633136
 0.000000  0.000000  0.000000  1.000000
 0.633136  0.455621  0.100592  0.000000
 1.000000  0.000000  0.000000  0.000000
 0.704142  0.100592  0.337278  0.000000
 0.000000  0.000000  1.650888  0.000000
 0.000000  0.000000  1.650888  0.000000
 0.000000  0.000000  0.000000  1.000000
 0.124260  0.573964  0.218935  0.343195
 0.704142  0.000000  0.337278  0.053254
 0.053254  0.100592  0.000000  0.857988
 0.272189  0.000000  1.171598  0.000000
URL http://jaspar.genereg.net/matrix/MA0440.1

MOTIF MA0441.1 ZMS1
letter-probability matrix: alength= 4 w= 9 nsites= 100 E= 0
 0.150000  0.150000  0.150000  0.550000
 0.310000  0.110000  0.110000  0.460000
 0.000000  1.000000  0.000000  0.000000
 0.000000  1.000000  0.000000  0.000000
 0.000000  1.000000  0.000000  0.000000
 0.000000  1.000000  0.000000  0.000000
 0.190000  0.040000  0.540000  0.240000
 0.050000  0.850000  0.050000  0.050000
 0.500000  0.100000  0.100000  0.300000
URL http://jaspar.genereg.net/matrix/MA0441.1

MOTIF MA0328.2 MATALPHA2
letter-probability matrix: alength= 4 w= 8 nsites= 999 E= 0
 0.000000  0.815816  0.000000  0.184184
 0.455455  0.000000  0.535536  0.010010
 0.000000  0.062062  0.000000  0.938939
 0.026026  0.000000  0.973974  0.000000
 0.000000  0.000000  0.000000  1.001001
 0.910911  0.000000  0.009009  0.080080
 0.639640  0.072072  0.041041  0.247247
 0.394394  0.028028  0.000000  0.577578
URL http://jaspar.genereg.net/matrix/MA0328.2

MOTIF MA0929.1 NCU00019
letter-probability matrix: alength= 4 w= 12 nsites= 1001 E= 0
 0.325674  0.224775  0.224775  0.224775
 0.224775  0.224775  0.224775  0.325674
 0.319680  0.126873  0.229770  0.322677
 0.149850  0.054945  0.740260  0.054945
 0.110889  0.000000  0.000000  0.888112
 0.802198  0.100899  0.000000  0.095904
 0.998002  0.000000  0.000000  0.000000
 0.897103  0.000000  0.000000  0.100899
 0.025974  0.520480  0.025974  0.427572
 0.922078  0.025974  0.025974  0.025974
 0.437562  0.218781  0.123876  0.218781
 0.412587  0.195804  0.195804  0.195804
URL http://jaspar.genereg.net/matrix/MA0929.1

